-602125.3669512097
-7167421581.328012
-602125.3669512097
-898032392.1174347
-902502.2797027968
-602125.3669512097
-602125.3669512097
-1203153.100743991
-602125.3669512097
-1203153.100743991
-602125.3669512097
-902502.2797027968
-301474.5459100155
-602125.3669512097
-602125.3669512097
-602125.3669512097
-1503803.9217851853
-897731741.2963935
-301474.5459100155
-823.7248688213439
-602125.3669512097
-602125.3669512097
-602125.3669512097
-1203153.100743991
-1097.6331584284585
-1203153.100743991
-1203153.100743991
-1503803.9217851853
-7167421581.328012
-7170728194.542887
-1203153.100743991
-602125.3669512097
-602125.3669512097
-1503803.9217851853
-7167421581.328012
-902502.2797027968
-7171329222.276679
-902502.2797027968
-1203153.100743991
-1097.6331584284585
-1097.6331584284585
-1203153.100743991
-1203153.100743991
-1503803.9217851853
-7171629873.09772
-602125.3669512097
-1097.6331584284585
-1503803.9217851853
-8067858084.380618
-602125.3669512097
-1203153.100743991
-602125.3669512097
-902502.2797027968
-902502.2797027968
-301474.5459100155
-1203153.100743991
-602125.3669512097
-301474.5459100155
-1203153.100743991
-1203153.100743991
-1503803.9217851853
-2689887239.1328583
-602125.3669512097
-602125.3669512097
-1203153.100743991
-8963484994.021435
-902502.2797027968
-1804180.8345367725
-301474.5459100155
-902502.2797027968
-1804180.8345367725
-1203153.100743991
-602125.3669512097
-1503803.9217851853
-602125.3669512097
-1804180.8345367725
-8067858084.380618
-1203153.100743991
-1097.6331584284585
-902502.2797027968
-898032392.1174349
-1503803.9217851853
-902502.2797027968
-301474.5459100155
-301474.5459100155
-602125.3669512097
-902502.2797027968
-7171629873.09772
-1097.6331584284585
-301474.5459100155
-7171028845.363928
-1203153.100743991
-1804180.8345367725
-8067858084.380618
-602125.3669512097
-7171629873.09772
-7171629873.09772
-1203153.100743991
-1203153.100743991
-301474.5459100155
running out of energy: 11 times
mean of non negative energy balances: 16.865983344374072 kWh
total charging costs: 9951475722.353336
