-429501.53005884885
-2405208.5683295536
-2405208.5683295536
-71699460623.54916
-773102.7541059279
-2405208.5683295536
-257700.9180353093
-71699460623.54916
-257700.9180353093
-2405208.5683295536
-2405208.5683295536
-1202604.2841647768
-71698259115.89815
-1889806.732258935
-2405208.5683295536
-2405208.5683295536
-687202.4480941582
-1460305.202200086
-2405208.5683295536
-2405208.5683295536
-944903.3661294674
-1460305.202200086
-2319308.2623177837
-2405208.5683295536
-2405208.5683295536
-71698859869.72366
-1374404.8961883164
-687202.4480941582
-1718006.1202353954
-1460305.202200086
-2061607.3442824746
-2405208.5683295536
-85900.30601176976
-2405208.5683295536
-2405208.5683295536
-2405208.5683295536
-2405208.5683295536
-2147507.6502942443
-1804454.7428263796
-2405208.5683295536
-71700361754.28741
-2405208.5683295536
-2405208.5683295536
-2405208.5683295536
-1116703.9781530069
-687202.4480941582
-1546205.508211856
-2405208.5683295536
-71700061377.37466
-2405208.5683295536
-2405208.5683295536
-1889806.732258935
-687202.4480941582
-2405208.5683295536
-1030803.6721412372
-2405208.5683295536
-1116703.9781530069
-2405208.5683295536
-2405208.5683295536
-2405208.5683295536
-2405208.5683295536
-257700.9180353093
-71699460623.54916
-2405208.5683295536
-2405208.5683295536
-601302.1420823884
-2405208.5683295536
-2405208.5683295536
0.0
-944903.3661294674
-2405208.5683295536
-2405208.5683295536
-2061607.3442824746
-1803906.4262471653
-2405208.5683295536
-2405208.5683295536
-2405208.5683295536
-2405208.5683295536
-1718006.1202353954
-2405208.5683295536
-1718006.1202353954
-2405208.5683295536
-71699460623.54916
-2405208.5683295536
-2405208.5683295536
-85900.30601176976
-71698859869.72366
-71698859869.72366
-2104831.6555779665
-2405208.5683295536
-343601.2240470791
-2405208.5683295536
-2405208.5683295536
0.0
-1288504.5901765465
-2405208.5683295536
-2405208.5683295536
-2319308.2623177837
-71698259115.89815
-2405208.5683295536
running out of energy: 11 times
mean of non negative energy balances: 31.50446977552122 kWh
