-2147507.6502942443
-2405208.5683295536
-1975707.038270705
0.0
-2405208.5683295536
-2689887513.041148
-2405208.5683295536
-2405208.5683295536
-2689887513.041148
-2405208.5683295536
-2405208.5683295536
-2689887513.041148
-171800.61202353952
-2405208.5683295536
-2319308.2623177837
0.0
-2405208.5683295536
-2405208.5683295536
-1288504.5901765465
-2405208.5683295536
-2405208.5683295536
-773102.7541059279
-2405208.5683295536
-515401.8360706186
-944903.3661294674
-2405208.5683295536
-1889806.732258935
-2405208.5683295536
-2147507.6502942443
-2405208.5683295536
-1116703.9781530069
-2405208.5683295536
-2147507.6502942443
-2405208.5683295536
-1546205.508211856
-2405208.5683295536
-2147507.6502942443
-6273597754.888575
-2405208.5683295536
-429501.53005884885
-2061607.3442824746
-2405208.5683295536
-1718006.1202353954
-257700.9180353093
-2405208.5683295536
-2405208.5683295536
-1718006.1202353954
-1030803.6721412372
-2405208.5683295536
-2319308.2623177837
-2104831.6555779665
-1718006.1202353954
-257700.9180353093
-2405208.5683295536
-1803906.4262471653
-2405208.5683295536
-2405208.5683295536
-4481742633.964862
-1546205.508211856
-1975707.038270705
-601302.1420823884
-2405208.5683295536
-2405208.5683295536
-2405208.5683295536
-2405208.5683295536
-2405208.5683295536
-2061607.3442824746
-2405208.5683295536
-2405208.5683295536
-2405208.5683295536
-4481742633.964862
-859003.0601176977
-2405208.5683295536
-429501.53005884885
-1803906.4262471653
-2147507.6502942443
-2405208.5683295536
-2405208.5683295536
-2405208.5683295536
-2405208.5683295536
-171800.61202353952
-2405208.5683295536
-2147507.6502942443
-1030803.6721412372
-1975707.038270705
-5377670194.426719
-2104831.6555779665
-5377670194.426719
-1116703.9781530069
-1975707.038270705
-2147507.6502942443
-2689887513.041148
-171800.61202353952
-2233407.956306014
-6273597754.888575
-2405208.5683295536
-2405208.5683295536
-343601.2240470791
-429501.53005884885
-429501.53005884885
running out of energy: 0 times
mean of non negative energy balances: 32.73503611287214 kWh
