-2405208.5683295536
-2405208.5683295536
-1202604.2841647768
-4482043010.877613
-2405208.5683295536
-1975707.038270705
-601302.1420823884
-2405208.5683295536
-429501.53005884885
-3586115450.4157567
-2405208.5683295536
-3586115450.4157567
-1718006.1202353954
-2147507.6502942443
-1116703.9781530069
-2405208.5683295536
-6273898131.801327
-1546205.508211856
-2405208.5683295536
-2405208.5683295536
-898332769.0301863
-2405208.5683295536
-601302.1420823884
-2061607.3442824746
-1794260329.492043
-2405208.5683295536
-2405208.5683295536
-898332769.0301863
-2405208.5683295536
-2405208.5683295536
-2233407.956306014
-2405208.5683295536
-2405208.5683295536
-85900.30601176976
-5377970571.33947
-5377970571.33947
-2405208.5683295536
-2405208.5683295536
-2405208.5683295536
-2405208.5683295536
-2690187889.9539
-2061607.3442824746
-2405208.5683295536
-3586115450.4157567
-2405208.5683295536
-1116703.9781530069
-1803906.4262471653
-2233407.956306014
-2405208.5683295536
-2233407.956306014
-1632105.8142236257
-2405208.5683295536
-2405208.5683295536
-2147507.6502942443
-898332769.0301863
-2405208.5683295536
-1030803.6721412372
-2405208.5683295536
-2405208.5683295536
-944903.3661294674
-2405208.5683295536
-2690187889.9539
-2405208.5683295536
-2405208.5683295536
-2405208.5683295536
-2405208.5683295536
-171800.61202353952
-1794260329.492043
-2405208.5683295536
-1202604.2841647768
-1632105.8142236257
-2405208.5683295536
-5377970571.33947
-1546205.508211856
-5377970571.33947
-944903.3661294674
-1202604.2841647768
-2405208.5683295536
-687202.4480941582
-2405208.5683295536
-2405208.5683295536
-6273898131.801327
-2405208.5683295536
-4482043010.877613
-944903.3661294674
-5377970571.33947
-2405208.5683295536
-2405208.5683295536
-2147507.6502942443
-2405208.5683295536
-2405208.5683295536
-944903.3661294674
-1632105.8142236257
-2405208.5683295536
-2405208.5683295536
-2405208.5683295536
-2405208.5683295536
-2405208.5683295536
-687202.4480941582
-1889806.732258935
running out of energy: 0 times
mean of non negative energy balances: 31.580748235106302 kWh
