-549.8165792142293
-7169827063.804631
-549.8165792142293
-275.9082896071146
-823.7248688213439
-1371.541448035573
-1097.6331584284585
-549.8165792142293
-903324.0045716183
-7169827611.621211
-1645.4497376426875
-823.7248688213439
-7169827063.804631
-7169827611.621211
-7171329770.093259
-1645.4497376426875
-1371.541448035573
-1097.6331584284585
-549.8165792142293
-7170729016.2677555
-7169827337.712921
-1371.541448035573
-7169827611.621211
-7169827611.621211
-7169827611.621211
-275.9082896071146
-823.7248688213439
-7169827337.712921
-1097.6331584284585
-7169827337.712921
-275.9082896071146
-1097.6331584284585
-275.9082896071146
-7169827611.621211
-1097.6331584284585
-549.8165792142293
-1097.6331584284585
-1919.358027249802
-1645.4497376426875
-7167420759.603144
-549.8165792142293
-1919.358027249802
-1804454.7428263796
-1097.6331584284585
-823.7248688213439
-7170729016.2677555
-1371.541448035573
-1645.4497376426875
-275.9082896071146
-7171029393.180507
-903324.0045716183
-7170128262.442252
-7169827063.804631
-1645.4497376426875
-1919.358027249802
-7170128262.442252
-275.9082896071146
-7170128262.442252
-823.7248688213439
-7170428639.355003
-1097.6331584284585
-7169827611.621211
-275.9082896071146
-7171029393.180507
-7170729016.2677555
-549.8165792142293
-7169827611.621211
-1371.541448035573
-823.7248688213439
-275.9082896071146
-7170428639.355003
-1097.6331584284585
-7169827611.621211
-7169827611.621211
-1645.4497376426875
-549.8165792142293
-1097.6331584284585
-7170128262.442252
-7169827611.621211
-1097.6331584284585
-1371.541448035573
-823.7248688213439
-1097.6331584284585
-549.8165792142293
-1371.541448035573
-7169827611.621211
-7170428639.355003
-275.9082896071146
-823.7248688213439
-823.7248688213439
-7169827611.621211
-1371.541448035573
-7169827611.621211
-1645.4497376426875
-1371.541448035573
-1097.6331584284585
-1919.358027249802
-549.8165792142293
-1371.541448035573
-7169827611.621211
running out of energy: 34 times
mean of non negative energy balances: 14.498980057628819 kWh
