-343601.2240470791
-343601.2240470791
-2405208.5683295536
-2405208.5683295536
-2405208.5683295536
-171800.61202353952
-4482043010.877613
-2405208.5683295536
-859003.0601176977
-2061607.3442824746
-2405208.5683295536
-2405208.5683295536
-601302.1420823884
-85900.30601176976
-1460305.202200086
-1288504.5901765465
-2319308.2623177837
-1793959952.5792913
-257700.9180353093
-2405208.5683295536
-2405208.5683295536
-1202604.2841647768
-2405208.5683295536
-2690187889.9539
-2405208.5683295536
-1793959952.5792913
-2405208.5683295536
-1460305.202200086
-1460305.202200086
-2233407.956306014
-1793959952.5792913
-2405208.5683295536
-2405208.5683295536
-2405208.5683295536
-2405208.5683295536
-3586115450.4157567
-2405208.5683295536
-2405208.5683295536
-3586115450.4157567
-859003.0601176977
-1288504.5901765465
-2405208.5683295536
-515401.8360706186
-2319308.2623177837
-1889806.732258935
-1889806.732258935
-944903.3661294674
-2147507.6502942443
-1202604.2841647768
-515401.8360706186
-2405208.5683295536
-1288504.5901765465
-2690187889.9539
-2405208.5683295536
-2405208.5683295536
-2690187889.9539
-3586115450.4157567
-601302.1420823884
-3586115450.4157567
-1202604.2841647768
-1794260329.492043
-2061607.3442824746
-2405208.5683295536
-2233407.956306014
-2405208.5683295536
-601302.1420823884
-2405208.5683295536
-1374404.8961883164
-1975707.038270705
-2405208.5683295536
-1803906.4262471653
-3586115450.4157567
-687202.4480941582
-2405208.5683295536
-898332769.0301863
-2405208.5683295536
-2405208.5683295536
-4482043010.877613
-1288504.5901765465
-1793959952.5792913
-1288504.5901765465
-1288504.5901765465
-74388444812.58574
-85900.30601176976
-257700.9180353093
-2061607.3442824746
-2405208.5683295536
-2405208.5683295536
-601302.1420823884
-2405208.5683295536
-1460305.202200086
-2405208.5683295536
-1889806.732258935
0.0
-2405208.5683295536
-2405208.5683295536
-85900.30601176976
-85900.30601176976
-2405208.5683295536
-2405208.5683295536
running out of energy: 1 times
mean of non negative energy balances: 30.658413839847384 kWh
