-7169827611.621211
-549.8165792142293
-549.8165792142293
-7171630147.00601
-549.8165792142293
-549.8165792142293
-7170729016.2677555
-7169827337.712921
-823.7248688213439
-7170127988.533962
-275.9082896071146
-823.7248688213439
-7170428639.355003
-1097.6331584284585
-7169827611.621211
-7167421033.511433
-7171630147.00601
-1097.6331584284585
-1097.6331584284585
-1371.541448035573
-823.7248688213439
-7169827611.621211
-549.8165792142293
-1919.358027249802
-1371.541448035573
-1097.6331584284585
-1645.4497376426875
-1097.6331584284585
-7170128262.442252
-549.8165792142293
-823.7248688213439
-823.7248688213439
-7171630147.00601
-1371.541448035573
-1097.6331584284585
-7169827611.621211
-1097.6331584284585
-275.9082896071146
-7170127988.533962
-549.8165792142293
-7171630147.00601
-1645.4497376426875
-275.9082896071146
-275.9082896071146
-7169827337.712921
-1097.6331584284585
-549.8165792142293
-823.7248688213439
-275.9082896071146
-1097.6331584284585
-7171329770.093259
-1097.6331584284585
-549.8165792142293
-1097.6331584284585
-7171329770.093259
-7169827611.621211
-823.7248688213439
-7171630147.00601
-7171630147.00601
-549.8165792142293
-7171329770.093259
-823.7248688213439
-7170127988.533962
-7169827611.621211
-7169827337.712921
-1097.6331584284585
-1645.4497376426875
-549.8165792142293
-7169827337.712921
-7170428639.355003
-1097.6331584284585
-7169827337.712921
-275.9082896071146
-1645.4497376426875
-1097.6331584284585
-7171630147.00601
-549.8165792142293
-549.8165792142293
-1804454.7428263796
-7171029393.180507
-823.7248688213439
-823.7248688213439
-7169827337.712921
-1645.4497376426875
-1919.358027249802
-7171630147.00601
-275.9082896071146
-1097.6331584284585
-1097.6331584284585
-1371.541448035573
-7170428639.355003
-1645.4497376426875
-1919.358027249802
-275.9082896071146
-1097.6331584284585
-1097.6331584284585
-7170428639.355003
-7170127988.533962
-823.7248688213439
-7169827337.712921
running out of energy: 35 times
mean of non negative energy balances: 16.237792721064164 kWh
total charging costs: 26865769.03048192
