-171800.61202353952
-1794260329.492043
-2405208.5683295536
-257700.9180353093
-2405208.5683295536
-1889806.732258935
-601302.1420823884
-859003.0601176977
-2405208.5683295536
-6273898131.801327
-2319308.2623177837
-3586115450.4157567
-2405208.5683295536
-687202.4480941582
-2405208.5683295536
-5377970571.33947
-343601.2240470791
-4482043010.877613
-2405208.5683295536
-2690187889.9539
-687202.4480941582
-2405208.5683295536
-1718006.1202353954
-2405208.5683295536
-2405208.5683295536
-2405208.5683295536
-2405208.5683295536
-687202.4480941582
-2405208.5683295536
-859003.0601176977
-2405208.5683295536
-1546205.508211856
-3586115450.4157567
-1288504.5901765465
-898332769.0301863
-6273898131.801327
-2405208.5683295536
-1632105.8142236257
-601302.1420823884
-3586115450.4157567
-1546205.508211856
-2405208.5683295536
-2405208.5683295536
-1794260329.492043
-2319308.2623177837
-2405208.5683295536
-2405208.5683295536
-5377970571.33947
-2405208.5683295536
-1794260329.492043
0.0
-1718006.1202353954
-1889806.732258935
-2405208.5683295536
-1460305.202200086
-1975707.038270705
-898332769.0301863
-4482043010.877613
-4482043010.877613
-5377970571.33947
-2405208.5683295536
-2405208.5683295536
-1202604.2841647768
-1460305.202200086
-515401.8360706186
-601302.1420823884
-2405208.5683295536
-3586115450.4157567
-2405208.5683295536
-1889806.732258935
-2405208.5683295536
-898332769.0301863
-2405208.5683295536
-171800.61202353952
-898332769.0301863
-1546205.508211856
-2061607.3442824746
-773102.7541059279
-2405208.5683295536
-3586115450.4157567
-2405208.5683295536
-343601.2240470791
-2405208.5683295536
-1288504.5901765465
-2405208.5683295536
-898332769.0301863
-1803906.4262471653
-85900.30601176976
-1803906.4262471653
-1546205.508211856
-898332769.0301863
-2061607.3442824746
-1116703.9781530069
-2405208.5683295536
-1030803.6721412372
-773102.7541059279
-6273898131.801327
-1889806.732258935
-1794260329.492043
-1803906.4262471653
running out of energy: 0 times
mean of non negative energy balances: 29.15596126879116 kWh
