-7172230900.831513
-7171930523.918761
-7171630147.00601
-7171930523.918761
-903324.0045716183
-1203700.9173232054
-1374404.8961883164
-1203700.9173232054
-1203700.9173232054
-602947.091820031
-1203700.9173232054
-903324.0045716183
-2104557.7472883593
-1203700.9173232054
-903324.0045716183
-7172230900.831513
-7171930523.918761
-1718006.1202353954
-1504077.8300747925
-1203700.9173232054
-1504077.8300747925
-1203700.9173232054
-602947.091820031
-1288504.5901765465
-903324.0045716183
-2104831.6555779665
-1460305.202200086
-1504077.8300747925
-1804454.7428263796
-1504077.8300747925
-2405208.5683295536
-2104831.6555779665
-1504077.8300747925
-602947.091820031
-1203700.9173232054
-903324.0045716183
-602947.091820031
-1504077.8300747925
-903324.0045716183
-903324.0045716183
-7171930250.010472
-1804454.7428263796
-7172230900.831513
-1203700.9173232054
-1203700.9173232054
-602947.091820031
-2104831.6555779665
-602947.091820031
-903324.0045716183
-903324.0045716183
-2405208.5683295536
-2405208.5683295536
-602947.091820031
-1203700.9173232054
-1804454.7428263796
-2104831.6555779665
-2104557.7472883593
-1804454.7428263796
-2104557.7472883593
-1203700.9173232054
-1203700.9173232054
-1203700.9173232054
-2405208.5683295536
-1203700.9173232054
-1803906.4262471653
-2104557.7472883593
-1504077.8300747925
-903324.0045716183
-1460305.202200086
-1504077.8300747925
-1203700.9173232054
-2104831.6555779665
-1203700.9173232054
-1804454.7428263796
-1203700.9173232054
-1504077.8300747925
-1504077.8300747925
-7171329770.093259
-903324.0045716183
-602947.091820031
-903324.0045716183
-2405208.5683295536
-2104557.7472883593
-903324.0045716183
-1460305.202200086
-903324.0045716183
-1203700.9173232054
-903324.0045716183
-1504077.8300747925
-2405208.5683295536
-903324.0045716183
-1202604.2841647768
-1504077.8300747925
-903324.0045716183
-1203700.9173232054
-1203700.9173232054
-7171930250.010472
-903324.0045716183
-1504077.8300747925
-1504077.8300747925
running out of energy: 10 times
mean of non negative energy balances: 19.579625142690915 kWh
