-2405208.5683295536
-1889806.732258935
-2405208.5683295536
-898032392.1174347
-2405208.5683295536
-2405208.5683295536
-2405208.5683295536
-2689887513.041148
-2405208.5683295536
-1632105.8142236257
-2405208.5683295536
-2104831.6555779665
-3585815073.503005
-171800.61202353952
-1202604.2841647768
-2061607.3442824746
-2405208.5683295536
-2405208.5683295536
-4481742633.964862
-4481742633.964862
-515401.8360706186
-2405208.5683295536
-859003.0601176977
-2405208.5683295536
-2405208.5683295536
-1793959952.5792913
-4481742633.964862
-4481742633.964862
-1803906.4262471653
-2405208.5683295536
-1202604.2841647768
-898032392.1174347
-2405208.5683295536
-2405208.5683295536
-1460305.202200086
-2689887513.041148
-2405208.5683295536
-2405208.5683295536
-2104831.6555779665
-1793959952.5792913
-6273597754.888576
-2689887513.041148
-2061607.3442824746
-2405208.5683295536
-2405208.5683295536
-2405208.5683295536
-2405208.5683295536
-2405208.5683295536
-1202604.2841647768
-2405208.5683295536
-2405208.5683295536
-1793959952.5792913
-2405208.5683295536
-2405208.5683295536
-2405208.5683295536
0.0
-2405208.5683295536
-1975707.038270705
-4481742633.964862
-257700.9180353093
-898032392.1174347
-2405208.5683295536
-6273597754.888575
-77971854677.52042
-2405208.5683295536
-257700.9180353093
-2104831.6555779665
-773102.7541059279
-171800.61202353952
-2405208.5683295536
-2405208.5683295536
-1718006.1202353954
-2405208.5683295536
-1803906.4262471653
-944903.3661294674
-1889806.732258935
-2233407.956306014
-2104831.6555779665
-2405208.5683295536
-2405208.5683295536
-2405208.5683295536
-1202604.2841647768
-2405208.5683295536
-2405208.5683295536
-2405208.5683295536
-85900.30601176976
-2405208.5683295536
-2405208.5683295536
-2405208.5683295536
-2405208.5683295536
-2405208.5683295536
-2405208.5683295536
-2405208.5683295536
-1975707.038270705
-2405208.5683295536
-2061607.3442824746
-2405208.5683295536
-2405208.5683295536
-2405208.5683295536
-2689887513.041148
running out of energy: 1 times
mean of non negative energy balances: 26.282992232544014 kWh
