-1097.6331584284585
-1097.6331584284585
-602125.3669512097
-7171629873.09772
-301474.5459100155
-301474.5459100155
-1503803.9217851853
-1503803.9217851853
-7171629873.09772
-902776.187992404
-902502.2797027968
-7171028845.363928
-602125.3669512097
-1203153.100743991
-7167421581.328012
-602125.3669512097
-1804180.8345367725
-1203153.100743991
-301474.5459100155
-1203153.100743991
-7171329222.276679
-8963484994.021435
-1097.6331584284585
-8067557433.559577
-898032392.1174349
-8067858084.380618
-301474.5459100155
-1203153.100743991
-602125.3669512097
-823.7248688213439
-7167421581.328012
-1203153.100743991
-8963484994.021435
-1203153.100743991
-1503803.9217851853
-1503530.0134955782
-1097.6331584284585
-1203153.100743991
-7171629873.09772
-602125.3669512097
-301474.5459100155
-1097.6331584284585
-897731741.2963936
-1097.6331584284585
-602125.3669512097
-602125.3669512097
-8963484994.021435
-602125.3669512097
-1203153.100743991
-301474.5459100155
-602125.3669512097
-1503803.9217851853
-1203153.100743991
-1203153.100743991
-1203153.100743991
-1503803.9217851853
-1503803.9217851853
-7171028845.363928
-1203153.100743991
-2689887239.1328583
-602125.3669512097
-8067557433.559577
-823.7248688213439
-301474.5459100155
-7167421581.328012
-602125.3669512097
-8067858084.380618
-1097.6331584284585
-1097.6331584284585
-1503803.9217851853
-1804180.8345367725
-301474.5459100155
-7171629873.09772
-902502.2797027968
-1097.6331584284585
-897731741.2963936
-602125.3669512097
-1203153.100743991
-1203153.100743991
-1203153.100743991
-1203153.100743991
-301474.5459100155
-8067557433.559577
-898032392.1174349
-1503803.9217851853
-1097.6331584284585
-1097.6331584284585
-823.7248688213439
-1203153.100743991
-1503803.9217851853
-301474.5459100155
-1503803.9217851853
-9859712931.396042
-2689887239.1328583
-7171629873.09772
-1503803.9217851853
-2689887239.1328583
-301474.5459100155
-902502.2797027968
-602125.3669512097
running out of energy: 17 times
mean of non negative energy balances: 16.547608600763475 kWh
