-2405208.5683295536
-2405208.5683295536
-2405208.5683295536
-3586115450.4157567
-7168708988.28503
-1794260329.492043
-2405208.5683295536
-3586115450.4157567
-7168794888.5910425
-2405208.5683295536
-2405208.5683295536
-2405208.5683295536
-2405208.5683295536
-2405208.5683295536
-2405208.5683295536
-7169310290.427113
-2405208.5683295536
-2405208.5683295536
-2319308.2623177837
-2405208.5683295536
-2405208.5683295536
-4482043010.877613
-7169825692.263184
-7169825692.263184
-2405208.5683295536
-2405208.5683295536
-7169825692.263184
-2405208.5683295536
-7168623087.979018
-7169567991.345148
-5377970571.33947
-7168537187.673007
-5377970571.33947
-6273898131.801327
-898332769.0301863
-7169052589.509077
-7168708988.28503
-898332769.0301863
-3586115450.4157567
-1794260329.492043
-1288504.5901765465
-7169825692.263184
-2405208.5683295536
-1975707.038270705
-7169653891.65116
-2405208.5683295536
-2690187889.9539
-898332769.0301863
-7168794888.5910425
-5377970571.33947
-4482043010.877613
-2405208.5683295536
-2405208.5683295536
-898332769.0301863
-1632105.8142236257
-2405208.5683295536
-7169825692.263184
-7169224390.121101
-7169825692.263184
-7169653891.65116
-5377970571.33947
-2405208.5683295536
-2405208.5683295536
-7168623087.979018
-898332769.0301863
-2405208.5683295536
-2405208.5683295536
-2405208.5683295536
-898332769.0301863
-898332769.0301863
-7169482091.039136
-2405208.5683295536
-2405208.5683295536
-2405208.5683295536
-7169310290.427113
-7169739791.957171
-6273898131.801327
-5377970571.33947
-2405208.5683295536
-2405208.5683295536
-2405208.5683295536
-2405208.5683295536
-2405208.5683295536
-7169052589.509077
-1794260329.492043
-2405208.5683295536
-898332769.0301863
-7168966689.203066
-2405208.5683295536
-2405208.5683295536
-1794260329.492043
-7169567991.345148
-2690187889.9539
-2405208.5683295536
-7169825692.263184
-2405208.5683295536
-6273898131.801327
-7169224390.121101
-2405208.5683295536
-1288504.5901765465
running out of energy: 0 times
mean of non negative energy balances: 26.38183743002091 kWh
total charging costs: 85336201338.59041
