-7168537187.673007
-898032392.1174347
-2405208.5683295536
-7169224390.121101
-7169396190.733125
-7169310290.427113
-7169825692.263184
-7169825692.263184
-2104831.6555779665
-2104831.6555779665
-1793959952.5792913
-7168537187.673007
-4481742633.964862
-7169825692.263184
-2405208.5683295536
-7169310290.427113
-7169825692.263184
-2405208.5683295536
-5377670194.426719
-7169653891.65116
-2405208.5683295536
-7169825692.263184
-1116703.9781530069
-1460305.202200086
-7168451287.366995
-2405208.5683295536
-7168966689.203066
-2405208.5683295536
-7168708988.28503
-2405208.5683295536
-2405208.5683295536
-1793959952.5792913
-7169396190.733125
-2405208.5683295536
-2405208.5683295536
-2405208.5683295536
-898032392.1174347
-7169825692.263184
-7169825692.263184
-2405208.5683295536
-2689887513.041148
-2405208.5683295536
-2405208.5683295536
-4481742633.964862
-2405208.5683295536
-6273597754.888576
-7169482091.039136
-2405208.5683295536
-2405208.5683295536
-7169224390.121101
-7168537187.673007
-2405208.5683295536
-3585815073.503005
-4481742633.964862
-2405208.5683295536
-2405208.5683295536
-2405208.5683295536
-2405208.5683295536
-7168880788.897054
-2405208.5683295536
-1793959952.5792913
-7169825692.263184
-7169739791.957171
-7169138489.815089
-7169567991.345148
-6273597754.888575
-7168794888.5910425
-2104831.6555779665
-2104831.6555779665
-2104831.6555779665
-2405208.5683295536
-2405208.5683295536
-2104831.6555779665
-6273597754.888575
-7168708988.28503
-7169825692.263184
-898032392.1174347
-7169825692.263184
-2405208.5683295536
-6273597754.888575
-2405208.5683295536
-7168451287.366995
-7169739791.957171
-5377670194.426719
-7169825692.263184
-7169825692.263184
-2405208.5683295536
-4481742633.964862
-7169825692.263184
-4481742633.964862
-2689887513.041148
-2405208.5683295536
-7169825692.263184
-2405208.5683295536
-2405208.5683295536
-2405208.5683295536
-5377670194.426719
-2689887513.041148
-2405208.5683295536
-2104831.6555779665
running out of energy: 0 times
mean of non negative energy balances: 26.112928273638502 kWh
total charging costs: 83534432682.9123
