-488851753.495217
-275.9082896071146
-1.25
-71698257472.44841
-300652.8210411942
-71698557849.36116
-300926.7293308013
-85900.80601176976
-896229582.8243457
-302296.27077883686
-896230130.640925
-302296.2707788368
-814752920.0753617
-302570.1790684439
0.0
-903324.004571618
-896530233.6453872
-302022.3624892297
-129398.77559686887
-903050.0962820109
-903050.0962820111
-301826.2851395103
-156.66187977549407
-897130987.4708903
-72594487053.27277
-1804454.7428263796
-898032118.2091453
-1503530.0134955782
-897559666.2760805
-898332769.0301865
-71700662131.20016
-1803906.9262471653
-1632105.8142236257
-2104831.6555779665
-85900.30601176976
-2405208.5683295536
-515402.0860706186
-71700361480.37912
-773102.7541059279
-898332769.0301865
-896229543.1588758
-203689600.68528846
-4481141880.1393585
-2281308174.8110127
-1645.4497376426875
-1919.358027249802
-2193.2663168569165
-1919.358027249802
-2193.2663168569165
-162950583.91507235
-71698258841.98987
-71698259115.89815
-2193.2663168569165
-71698258841.98987
-1409.9569179794466
-156.66187977549407
-7169825692.263184
-4481141135.99543
-1955407006.9808683
-7169825692.263184
-1303604671.3205788
-1466555255.235651
-7169825692.263184
-6029171605.107677
-7169825692.263184
-7169825692.263184
-5377670194.426719
-7169825692.263184
-325901167.8301447
-1466555255.235651
-2690187889.9538994
-2405208.5683295536
-2405208.5683295536
-898332769.0301864
-898032118.2091453
-489453053.8872994
-7169825692.263184
-3421962262.2165194
-6029171604.857677
-7169825692.263184
-7169825692.263184
-6273597480.980286
-4970293460.480748
-3747863430.046664
-7169825692.263184
-5214418685.282315
-7169825692.263184
-898032118.2091453
-859003.0601176977
-2405208.5683295536
-601302.1420823884
-1460305.202200086
-2319308.2623177837
-687202.4480941582
-2405208.5683295536
-2405208.5683295536
-898332769.0301863
-2405208.5683295536
-257700.9180353093
-2405208.5683295536
-2405208.5683295536
-1803906.4262471653
-2405208.5683295536
-2405208.5683295536
-2405208.5683295536
-1288504.5901765465
-2405208.5683295536
-2405208.5683295536
-2405208.5683295536
-2405208.5683295536
-944903.3661294674
-2405208.5683295536
-2405208.5683295536
-2061607.3442824746
-2405208.5683295536
-1116703.9781530069
-1889806.732258935
-2405208.5683295536
-257700.9180353093
-85900.30601176976
-2405208.5683295536
-2405208.5683295536
-2405208.5683295536
-2405208.5683295536
-601302.1420823884
-2405208.5683295536
-2405208.5683295536
-71700662131.20016
-2405208.5683295536
-2405208.5683295536
-2405208.5683295536
-2405208.5683295536
-2405208.5683295536
-2405208.5683295536
-601302.1420823884
-2405208.5683295536
-2405208.5683295536
-6273898131.801327
-7169825692.263184
-4725566933.537098
-515401.8360706186
-2405208.5683295536
-2405208.5683295536
-2405208.5683295536
-2405208.5683295536
-687202.4480941582
-6273898131.801327
-7169825692.263184
-687202.4480941582
0.0
-1374404.8961883164
-2405208.5683295536
-2405208.5683295536
-429501.53005884885
-2405208.5683295536
-2405208.5683295536
-1116703.9781530069
-171800.61202353952
-2405208.5683295536
-2405208.5683295536
-2405208.5683295536
-2405208.5683295536
-2405208.5683295536
-2405208.5683295536
-2405208.5683295536
-85900.30601176976
-944903.3661294674
-2405208.5683295536
-2405208.5683295536
-2405208.5683295536
-2405208.5683295536
-2405208.5683295536
-2405208.5683295536
-1116703.9781530069
-2405208.5683295536
-2405208.5683295536
-2405208.5683295536
-2405208.5683295536
-1794260329.492043
-7169825692.263184
-7169825692.263184
-7169825692.263184
-7169825692.263184
-7169825692.263184
-7169825692.263184
-3586115450.4157567
-3586115450.415756
-7169825692.263184
-7169825692.263184
-2405208.5683295536
-2405208.5683295536
-2405208.5683295536
-2405208.5683295536
-2405208.5683295536
-1632105.8142236257
-2405208.5683295536
-1803906.4262471653
-2061607.3442824746
-1975707.038270705
-944903.3661294674
-2405208.5683295536
-515401.8360706186
-2061607.3442824746
-2405208.5683295536
-2405208.5683295536
-687202.4480941582
-2405208.5683295536
-85900.30601176976
-2405208.5683295536
-859003.0601176977
-2405208.5683295536
-2405208.5683295536
-1975707.038270705
-1460305.202200086
-1374404.8961883164
-2405208.5683295536
-2405208.5683295536
-2405208.5683295536
-2405208.5683295536
-2405208.5683295536
-2147507.6502942443
-71700662131.20016
-257700.9180353093
-2405208.5683295536
-1202604.2841647768
-2405208.5683295536
-2405208.5683295536
-687202.4480941582
-2405208.5683295536
-2405208.5683295536
-2405208.5683295536
-687202.4480941582
-2405208.5683295536
-2405208.5683295536
-601302.1420823884
-1030803.6721412372
-2405208.5683295536
-2405208.5683295536
-601302.1420823884
-2405208.5683295536
-2405208.5683295536
-1288504.5901765465
-1030803.6721412372
-71700662131.20016
-601302.1420823884
-1718006.1202353954
-2405208.5683295536
-429501.53005884885
-2405208.5683295536
-2405208.5683295536
-2061607.3442824746
-2405208.5683295536
-1889806.732258935
-2405208.5683295536
-1202604.2841647768
-859003.0601176977
-2233407.956306014
-2405208.5683295536
-2405208.5683295536
-2061607.3442824746
-2405208.5683295536
-2405208.5683295536
-2405208.5683295536
-2405208.5683295536
-2405208.5683295536
-1546205.508211856
-2405208.5683295536
-429501.53005884885
-2405208.5683295536
-2405208.5683295536
-2147507.6502942443
-1202604.2841647768
-1374404.8961883164
-2405208.5683295536
-2405208.5683295536
-2405208.5683295536
-2405208.5683295536
-2405208.5683295536
-343601.2240470791
-2405208.5683295536
-2405208.5683295536
-2405208.5683295536
-1546205.508211856
-4482043010.877613
-2690187889.9539
-1794260329.492043
-2405208.5683295536
-2405208.5683295536
-1116703.9781530069
-2405208.5683295536
-773102.7541059279
-71700662131.20016
-2405208.5683295536
-2405208.5683295536
-2405208.5683295536
-1546205.508211856
-2405208.5683295536
-2405208.5683295536
-1202604.2841647768
-2405208.5683295536
-2405208.5683295536
-2405208.5683295536
-2405208.5683295536
-2405208.5683295536
-2405208.5683295536
-2405208.5683295536
-2233407.956306014
-2405208.5683295536
-1803906.4262471653
-1632105.8142236257
-1030803.6721412372
-1794260329.4920425
-2405208.5683295536
-859003.0601176977
-71700662131.20016
-2147507.6502942443
-2405208.5683295536
-7169825692.263184
-2405208.5683295536
-1546205.508211856
-257700.9180353093
-257700.9180353093
-2405208.5683295536
-72596589691.66202
-2405208.5683295536
-343601.2240470791
-1374404.8961883164
-2405208.5683295536
-2690187889.9539
-2405208.5683295536
-2405208.5683295536
-1374404.8961883164
-944903.3661294674
-171800.61202353952
-2405208.5683295536
-687202.4480941582
-2405208.5683295536
-2319308.2623177837
-2405208.5683295536
-71700662131.20016
-1975707.038270705
-71700662131.20016
-859003.0601176977
-2405208.5683295536
-2147507.6502942443
-1374404.8961883164
-1202604.2841647768
-1803906.4262471653
-1975707.038270705
-2405208.5683295536
-2405208.5683295536
-2405208.5683295536
-859003.0601176977
-2405208.5683295536
-2405208.5683295536
-2405208.5683295536
-171800.61202353952
-71700662131.20016
-2405208.5683295536
-2405208.5683295536
-687202.4480941582
-1116703.9781530069
-2405208.5683295536
-2405208.5683295536
-2147507.6502942443
-71700662131.20016
-2405208.5683295536
-1803906.4262471653
-2405208.5683295536
-2405208.5683295536
-2405208.5683295536
-2405208.5683295536
-1288504.5901765465
-1030803.6721412372
-2405208.5683295536
-859003.0601176977
-1030803.6721412372
-2319308.2623177837
-2405208.5683295536
-2405208.5683295536
-2405208.5683295536
-2405208.5683295536
-1116703.9781530069
-773102.7541059279
-2405208.5683295536
-2061607.3442824746
-1794260329.492043
-1975707.038270705
-3586115450.4157567
-2061607.3442824746
-898332769.0301863
-2405208.5683295536
-2405208.5683295536
-898332769.0301863
-7169825692.263184
-7169825692.263184
-7169825692.263184
-1794260329.492043
-2405208.5683295536
-2405208.5683295536
-1794260329.492043
-2405208.5683295536
-1975707.038270705
-2405208.5683295536
-1794260329.492043
-1632105.8142236257
-1116703.9781530069
-1546205.508211856
-5377970571.33947
-2405208.5683295536
-7169825692.263184
-2233407.956306014
-2405208.5683295536
-1030803.6721412372
-2233407.956306014
-7169825692.263184
-1460305.202200086
-1632105.8142236257
-2405208.5683295536
-4482043010.877613
-2405208.5683295536
-2690187889.9539
-898332769.0301863
-2405208.5683295536
-2061607.3442824746
-2233407.956306014
-7169825692.263184
-1374404.8961883164
-4482043010.877613
-171800.61202353952
-687202.4480941582
-2405208.5683295536
-7169825692.263184
-2061607.3442824746
-2690187889.9539
-429501.53005884885
-2405208.5683295536
-1975707.038270705
-3586115450.4157567
-859003.0601176977
-2405208.5683295536
-1718006.1202353954
-1116703.9781530069
-1803906.4262471653
-1202604.2841647768
-859003.0601176977
-2690187889.9539
-4482043010.877613
-2405208.5683295536
-7169825692.263184
-6273898131.801327
-2405208.5683295536
-1889806.732258935
-5377970571.33947
-2405208.5683295536
-343601.2240470791
-2405208.5683295536
-1794260329.492043
-2405208.5683295536
-85900.30601176976
-2233407.956306014
-1460305.202200086
-1460305.202200086
-2405208.5683295536
-1546205.508211856
-2405208.5683295536
-7169825692.263184
-1794260329.492043
-1889806.732258935
-2405208.5683295536
-7169825692.263184
-2405208.5683295536
-2405208.5683295536
-2147507.6502942443
-773102.7541059279
-898332769.0301863
-1718006.1202353954
-1546205.508211856
-2147507.6502942443
-6273898131.801327
-1794260329.492043
-5377970571.33947
-1546205.508211856
-2405208.5683295536
-2147507.6502942443
-2405208.5683295536
-257700.9180353093
-1460305.202200086
-2405208.5683295536
-859003.0601176977
-4482043010.877613
-2405208.5683295536
0.0
-2405208.5683295536
-7169825692.263184
-5377970571.33947
-1889806.732258935
-2405208.5683295536
-1794260329.492043
-2405208.5683295536
-898332769.0301863
-6273898131.801327
-6273898131.801327
-2405208.5683295536
-7169825692.263184
-2405208.5683295536
-2061607.3442824746
-5377970571.33947
-687202.4480941582
-1794260329.492043
-859003.0601176977
-2405208.5683295536
-2147507.6502942443
-2319308.2623177837
-5377970571.33947
-3586115450.4157567
-7169825692.263184
-1794260329.492043
-1975707.038270705
-4482043010.877613
-1374404.8961883164
-2690187889.9539
-2405208.5683295536
-6273898131.801327
-7169825692.263184
-1374404.8961883164
-3586115450.4157567
-2405208.5683295536
-3586115450.4157567
-5377970571.33947
-2405208.5683295536
-898332769.0301863
-1632105.8142236257
-4482043010.877613
-2405208.5683295536
-2405208.5683295536
-6273898131.801327
-1546205.508211856
-515401.8360706186
-898332769.0301863
-7169825692.263184
-2405208.5683295536
-5377970571.33947
-7169825692.263184
-2233407.956306014
-1460305.202200086
-2405208.5683295536
-2405208.5683295536
-1632105.8142236257
-1374404.8961883164
-3586115450.4157567
-2405208.5683295536
-85900.30601176976
-1718006.1202353954
-7169825692.263184
-7169825692.263184
-5377970571.33947
-1030803.6721412372
-1632105.8142236257
-2405208.5683295536
-7169825692.263184
-7169825692.263184
-1889806.732258935
-6273898131.801327
-7169825692.263184
-2405208.5683295536
-2405208.5683295536
-2690187889.9539
-4482043010.877613
-7169825692.263184
-2405208.5683295536
-3586115450.4157567
-515401.8360706186
-2405208.5683295536
-2405208.5683295536
-2405208.5683295536
-898332769.0301863
-2405208.5683295536
-7169825692.263184
-1460305.202200086
-1288504.5901765465
-515401.8360706186
-2405208.5683295536
-7169825692.263184
-2405208.5683295536
-2405208.5683295536
-5377970571.33947
-773102.7541059279
-2690187889.9539
-7169825692.263184
-1803906.4262471653
-5377970571.33947
-2319308.2623177837
-2233407.956306014
-898332769.0301863
-3586115450.4157567
-343601.2240470791
-6273898131.801327
-2405208.5683295536
0.0
-2405208.5683295536
-5377970571.33947
-2405208.5683295536
-1889806.732258935
-7169825692.263184
-2405208.5683295536
-5377970571.33947
-1030803.6721412372
-2405208.5683295536
-2405208.5683295536
-1794260329.492043
-601302.1420823884
0.0
0.0
-5377970571.33947
-2405208.5683295536
-3586115450.4157567
-1030803.6721412372
-2061607.3442824746
-1116703.9781530069
-2405208.5683295536
-2405208.5683295536
-2405208.5683295536
-2405208.5683295536
-7169825692.263184
-1803906.4262471653
-2405208.5683295536
-4482043010.877613
-2405208.5683295536
-343601.2240470791
-1794260329.492043
-2147507.6502942443
-1794260329.492043
-6273898131.801327
-2405208.5683295536
-2405208.5683295536
-257700.9180353093
-5377970571.33947
-601302.1420823884
-2405208.5683295536
-2405208.5683295536
-2405208.5683295536
-2405208.5683295536
-1718006.1202353954
-3586115450.4157567
-2405208.5683295536
-3586115450.4157567
-1030803.6721412372
-429501.53005884885
-898332769.0301863
-898332769.0301863
-1718006.1202353954
-2405208.5683295536
-2147507.6502942443
-7169825692.263184
-2405208.5683295536
-4482043010.877613
-1546205.508211856
-2690187889.9539
-2405208.5683295536
-2233407.956306014
-2405208.5683295536
-2233407.956306014
-4482043010.877613
-2405208.5683295536
-2405208.5683295536
-2147507.6502942443
-2405208.5683295536
-2405208.5683295536
-429501.53005884885
-85900.30601176976
-2233407.956306014
-2061607.3442824746
-2405208.5683295536
-2405208.5683295536
-2405208.5683295536
-4482043010.877613
-1889806.732258935
-2690187889.9539
-2405208.5683295536
-1202604.2841647768
-6273898131.801327
-2405208.5683295536
-944903.3661294674
-257700.9180353093
-2405208.5683295536
-2405208.5683295536
-2405208.5683295536
-2405208.5683295536
-4482043010.877613
-2405208.5683295536
-2405208.5683295536
-2405208.5683295536
-7169825692.263184
-2405208.5683295536
-2061607.3442824746
-2405208.5683295536
-2405208.5683295536
-343601.2240470791
-2405208.5683295536
-3586115450.4157567
-898332769.0301863
-1374404.8961883164
-1374404.8961883164
-2405208.5683295536
-2405208.5683295536
-2405208.5683295536
-3586115450.415756
-4482043010.877613
-898332769.0301863
-2405208.5683295536
-2405208.5683295536
-2233407.956306014
-5377970571.33947
-7169825692.263184
-1975707.038270705
-2405208.5683295536
-1546205.508211856
-1288504.5901765465
-2405208.5683295536
-2405208.5683295536
-1374404.8961883164
-1116703.9781530069
-2405208.5683295536
-1803906.4262471653
-6273898131.801327
-2405208.5683295536
-2405208.5683295536
-2405208.5683295536
-2405208.5683295536
-2061607.3442824746
-2233407.956306014
-515401.8360706186
-6273898131.801327
-2405208.5683295536
-2405208.5683295536
-859003.0601176977
-2405208.5683295536
-2405208.5683295536
-1116703.9781530069
-6273898131.801327
-4482043010.877613
-515401.8360706186
-773102.7541059279
-1460305.202200086
-4482043010.877613
-515401.8360706186
-1794260329.492043
-1546205.508211856
-944903.3661294674
-2405208.5683295536
-601302.1420823884
-2061607.3442824746
-2405208.5683295536
-2405208.5683295536
-2405208.5683295536
-2405208.5683295536
-2405208.5683295536
-944903.3661294674
-1288504.5901765465
-1288504.5901765465
-898332769.0301863
-2405208.5683295536
-5377970571.33947
-2405208.5683295536
-601302.1420823884
-2405208.5683295536
-1794260329.492043
-2405208.5683295536
-687202.4480941582
-2405208.5683295536
-2405208.5683295536
-1202604.2841647768
-2405208.5683295536
-7169825692.263184
-5377970571.33947
-257700.9180353093
-2405208.5683295536
-2405208.5683295536
-2405208.5683295536
-2405208.5683295536
-2405208.5683295536
-5377970571.33947
-6273898131.801327
-257700.9180353093
-429501.53005884885
-2405208.5683295536
-859003.0601176977
-2319308.2623177837
-2405208.5683295536
-2405208.5683295536
-1202604.2841647768
-7169825692.263184
-2405208.5683295536
-2319308.2623177837
-2405208.5683295536
-2405208.5683295536
-859003.0601176977
-7169825692.263184
-2405208.5683295536
-1632105.8142236257
-687202.4480941582
-2405208.5683295536
-343601.2240470791
-171800.61202353952
-2405208.5683295536
-2690187889.9539
-6273898131.801327
-2233407.956306014
-2405208.5683295536
-1288504.5901765465
-1202604.2841647768
-171800.61202353952
-7169825692.263184
-687202.4480941582
-687202.4480941582
-1632105.8142236257
-6273898131.801327
-2405208.5683295536
-2405208.5683295536
-1460305.202200086
-2405208.5683295536
-2405208.5683295536
-2405208.5683295536
-1632105.8142236257
-429501.53005884885
-2405208.5683295536
-1030803.6721412372
-944903.3661294674
-601302.1420823884
-773102.7541059279
-1116703.9781530069
-171800.61202353952
-2405208.5683295536
-2405208.5683295536
-944903.3661294674
-2405208.5683295536
-429501.53005884885
-1632105.8142236257
-898332769.0301863
-5377970571.33947
-2405208.5683295536
-2405208.5683295536
-2405208.5683295536
-6273898131.801327
-2405208.5683295536
-3586115450.415756
-601302.1420823884
-1794260329.492043
-2405208.5683295536
-7169825692.263184
-1794260329.492043
-1794260329.492043
-601302.1420823884
-898332769.0301863
-2690187889.9539
-1794260329.492043
-2690187889.9538994
-2405208.5683295536
-2405208.5683295536
-1202604.2841647768
-1116703.9781530069
-2405208.5683295536
-2690187889.9539
-2319308.2623177837
-944903.3661294674
-6273898131.801327
-2405208.5683295536
-2405208.5683295536
-2405208.5683295536
-2405208.5683295536
-2405208.5683295536
-6273898131.801327
-2690187889.9539
-4482043010.877613
-3586115450.415756
-2233407.956306014
-257700.9180353093
-1889806.732258935
-2405208.5683295536
-343601.2240470791
-2405208.5683295536
-2405208.5683295536
-1718006.1202353954
-687202.4480941582
-1794260329.492043
-1889806.732258935
-2405208.5683295536
-2405208.5683295536
-1718006.1202353954
-1632105.8142236257
-1794260329.492043
-3586115450.415756
-5377970571.33947
-3586115450.415756
-2405208.5683295536
-6273898131.801327
-2405208.5683295536
-515401.8360706186
-1288504.5901765465
-2405208.5683295536
-7169825692.263184
-2405208.5683295536
-2405208.5683295536
-2405208.5683295536
-2405208.5683295536
-2405208.5683295536
-2405208.5683295536
-7169825692.263184
-2405208.5683295536
-2405208.5683295536
-2405208.5683295536
-2061607.3442824746
-171800.61202353952
-2147507.6502942443
-2405208.5683295536
-2405208.5683295536
-2405208.5683295536
-1460305.202200086
-2405208.5683295536
-2405208.5683295536
-2405208.5683295536
-2405208.5683295536
-944903.3661294674
-1288504.5901765465
-1030803.6721412372
-1803906.4262471653
-2405208.5683295536
-3586115450.415756
-2405208.5683295536
-1202604.2841647768
-2061607.3442824746
-85900.30601176976
-4482043010.877613
-1794260329.492043
-171800.61202353952
-257700.9180353093
-2405208.5683295536
-2405208.5683295536
-2405208.5683295536
-2405208.5683295536
-2405208.5683295536
-773102.7541059279
-85900.30601176976
-2405208.5683295536
-2405208.5683295536
-85900.30601176976
-2405208.5683295536
-898332769.0301863
-2405208.5683295536
-601302.1420823884
-1718006.1202353954
-2405208.5683295536
-2405208.5683295536
0.0
-2405208.5683295536
-687202.4480941582
-2405208.5683295536
-944903.3661294674
-1460305.202200086
-2690187889.9539
-1718006.1202353954
-2690187889.9539
-2405208.5683295536
-859003.0601176977
-2405208.5683295536
-6273898131.801327
-6273898131.801327
-2405208.5683295536
-2405208.5683295536
-7169825692.263184
-257700.9180353093
-1632105.8142236257
-2405208.5683295536
-2405208.5683295536
-171800.61202353952
-257700.9180353093
-2147507.6502942443
-1546205.508211856
-944903.3661294674
-2405208.5683295536
-1794260329.492043
-429501.53005884885
-2690187889.9539
-2405208.5683295536
-944903.3661294674
-2690187889.9539
-85900.30601176976
-1803906.4262471653
-4482043010.877613
-1030803.6721412372
-2405208.5683295536
-1794260329.492043
-2147507.6502942443
-4482043010.877613
-4482043010.877613
-2690187889.9538994
-7169825692.263184
-2405208.5683295536
-2405208.5683295536
-2405208.5683295536
-6273898131.801327
-2405208.5683295536
-7169825692.263184
-898332769.0301863
-2405208.5683295536
-2690187889.9538994
-2405208.5683295536
-1116703.9781530069
-2405208.5683295536
-1202604.2841647768
-2690187889.9538994
-601302.1420823884
-2405208.5683295536
-2405208.5683295536
-6273898131.801327
-429501.53005884885
-2061607.3442824746
-1975707.038270705
-2405208.5683295536
-898332769.0301863
-1030803.6721412372
-2405208.5683295536
-1889806.732258935
-2690187889.9539
-2405208.5683295536
-944903.3661294674
-2405208.5683295536
-2405208.5683295536
-4482043010.877613
-2405208.5683295536
-2405208.5683295536
-2405208.5683295536
-2405208.5683295536
-601302.1420823884
-2405208.5683295536
-2405208.5683295536
-5377970571.33947
-2405208.5683295536
-2233407.956306014
-2405208.5683295536
-2405208.5683295536
-1288504.5901765465
-1718006.1202353954
-2405208.5683295536
-2405208.5683295536
-2405208.5683295536
-687202.4480941582
-3586115450.415756
-773102.7541059279
-257700.9180353093
-2405208.5683295536
-898332769.0301863
-2405208.5683295536
-2061607.3442824746
-2405208.5683295536
-1546205.508211856
-2405208.5683295536
-2405208.5683295536
-898332769.0301863
-2405208.5683295536
-2405208.5683295536
-1374404.8961883164
-2405208.5683295536
-171800.61202353952
-2405208.5683295536
-2405208.5683295536
-2405208.5683295536
-2147507.6502942443
-257700.9180353093
-7169825692.263184
-2405208.5683295536
-1030803.6721412372
-2405208.5683295536
-1288504.5901765465
-1546205.508211856
-1794260329.492043
-2405208.5683295536
-1116703.9781530069
-898332769.0301863
-2405208.5683295536
-171800.61202353952
-257700.9180353093
-2690187889.9539
0.0
-1460305.202200086
-2405208.5683295536
-898332769.0301863
-2405208.5683295536
-1030803.6721412372
-85900.30601176976
-1794260329.492043
-1460305.202200086
-2405208.5683295536
-85900.30601176976
-2405208.5683295536
-898332769.0301863
-3586115450.415756
-1975707.038270705
-2319308.2623177837
-2405208.5683295536
-2405208.5683295536
-1803906.4262471653
-2405208.5683295536
-2405208.5683295536
-1460305.202200086
-1975707.038270705
-343601.2240470791
-1632105.8142236257
-2405208.5683295536
-171800.61202353952
-515401.8360706186
-2405208.5683295536
-171800.61202353952
-2405208.5683295536
-944903.3661294674
-3586115450.415756
-2405208.5683295536
-2319308.2623177837
-1460305.202200086
-1794260329.492043
-2405208.5683295536
-2405208.5683295536
-1374404.8961883164
-2405208.5683295536
-859003.0601176977
-2405208.5683295536
-2405208.5683295536
-5377970571.33947
-2690187889.9539
-257700.9180353093
-2405208.5683295536
-1546205.508211856
-2405208.5683295536
-2405208.5683295536
-1030803.6721412372
-2061607.3442824746
-1794260329.492043
0.0
-898332769.0301863
-1718006.1202353954
-2405208.5683295536
-2147507.6502942443
-3586115450.415756
-5377970571.33947
-1374404.8961883164
-2405208.5683295536
-85900.30601176976
-3586115450.415756
-1632105.8142236257
-2147507.6502942443
-2405208.5683295536
-1718006.1202353954
-1803906.4262471653
-2405208.5683295536
-2405208.5683295536
-1794260329.492043
-515401.8360706186
-515401.8360706186
-1030803.6721412372
-5377970571.33947
-1889806.732258935
-1718006.1202353954
-1889806.732258935
-1794260329.492043
-1030803.6721412372
-429501.53005884885
-6273898131.801327
-2690187889.9539
-1374404.8961883164
-7169825692.263184
-2405208.5683295536
-898332769.0301863
-1803906.4262471653
-171800.61202353952
-859003.0601176977
-1975707.038270705
-2405208.5683295536
-2405208.5683295536
-1889806.732258935
-4482043010.877613
-2405208.5683295536
-4482043010.877613
-2405208.5683295536
-1803906.4262471653
-85900.30601176976
-898332769.0301863
-1718006.1202353954
-2405208.5683295536
-257700.9180353093
-687202.4480941582
-2319308.2623177837
-3586115450.415756
-1202604.2841647768
-2405208.5683295536
-2405208.5683295536
-2405208.5683295536
-773102.7541059279
-1803906.4262471653
-2405208.5683295536
-2405208.5683295536
-2405208.5683295536
-2405208.5683295536
-1460305.202200086
-5377970571.33947
-2405208.5683295536
-2405208.5683295536
-2405208.5683295536
-85900.30601176976
-4482043010.877613
-6273898131.801327
-3586115450.415756
-898332769.0301863
-2405208.5683295536
0.0
-515401.8360706186
-2405208.5683295536
-429501.53005884885
-2405208.5683295536
-601302.1420823884
-2233407.956306014
-2405208.5683295536
-2061607.3442824746
-1546205.508211856
-515401.8360706186
-6273898131.801327
-2405208.5683295536
-1794260329.492043
-5377970571.33947
-1460305.202200086
-3586115450.415756
-898332769.0301863
-5377970571.33947
-2690187889.9538994
-1116703.9781530069
-1794260329.492043
-2061607.3442824746
-2405208.5683295536
-1288504.5901765465
-2405208.5683295536
-859003.0601176977
-4482043010.877613
-2690187889.9538994
-2405208.5683295536
-2405208.5683295536
-2405208.5683295536
-6273898131.801327
-898332769.0301863
-2405208.5683295536
-2405208.5683295536
-2405208.5683295536
-1116703.9781530069
-5377970571.33947
-4482043010.877613
-1889806.732258935
-4482043010.877613
-2405208.5683295536
-2405208.5683295536
-2405208.5683295536
-2405208.5683295536
-2405208.5683295536
-2405208.5683295536
-2405208.5683295536
-2405208.5683295536
-5377970571.33947
-2405208.5683295536
-1202604.2841647768
-687202.4480941582
-2405208.5683295536
-2405208.5683295536
-2690187889.9538994
-2405208.5683295536
-6273898131.801327
-4482043010.877613
-2233407.956306014
-2405208.5683295536
-2405208.5683295536
-944903.3661294674
-1718006.1202353954
-2405208.5683295536
-687202.4480941582
-601302.1420823884
-171800.61202353952
-6273898131.801327
-2405208.5683295536
-898332769.0301863
-2405208.5683295536
-4482043010.877613
-1202604.2841647768
-2405208.5683295536
-2405208.5683295536
-2405208.5683295536
-2405208.5683295536
0.0
-2405208.5683295536
-2405208.5683295536
-171800.61202353952
-2405208.5683295536
-1202604.2841647768
-2405208.5683295536
-2405208.5683295536
-1632105.8142236257
-2405208.5683295536
-1374404.8961883164
-2405208.5683295536
-2405208.5683295536
-2405208.5683295536
-898332769.0301864
-2405208.5683295536
-898332769.0301863
-2405208.5683295536
-1632105.8142236257
-257700.9180353093
-2405208.5683295536
-6273898131.801327
-2690187889.9538994
-2405208.5683295536
-2405208.5683295536
-2690187889.9538994
-687202.4480941582
-2147507.6502942443
-773102.7541059279
-85900.30601176976
-2405208.5683295536
-1718006.1202353954
-2690187889.9538994
-2405208.5683295536
-944903.3661294674
-1030803.6721412372
-2405208.5683295536
-1718006.1202353954
-2061607.3442824746
-1975707.038270705
-859003.0601176977
-1889806.732258935
-2405208.5683295536
-2405208.5683295536
-2405208.5683295536
-2405208.5683295536
-2405208.5683295536
-2405208.5683295536
-2405208.5683295536
-2405208.5683295536
-2405208.5683295536
-2405208.5683295536
-2405208.5683295536
-2405208.5683295536
-2405208.5683295536
-2690187889.9539
-515401.8360706186
-5377970571.33947
-944903.3661294674
-257700.9180353093
-2405208.5683295536
-898332769.0301864
-2405208.5683295536
-2061607.3442824746
-2405208.5683295536
-2405208.5683295536
-687202.4480941582
-2405208.5683295536
-2405208.5683295536
-85900.30601176976
-343601.2240470791
-6273898131.801327
-2405208.5683295536
-2405208.5683295536
-2405208.5683295536
-2405208.5683295536
-85900.30601176976
-2405208.5683295536
-4482043010.877613
-6273898131.801327
-2405208.5683295536
-2405208.5683295536
-6273898131.801327
-2405208.5683295536
0.0
-85900.30601176976
-2233407.956306014
-2690187889.9539
-343601.2240470791
-1889806.732258935
-2405208.5683295536
-257700.9180353093
-2233407.956306014
-1546205.508211856
-1460305.202200086
-1546205.508211856
-3586115450.415756
-2405208.5683295536
-2405208.5683295536
-944903.3661294674
-2061607.3442824746
-1632105.8142236257
-2405208.5683295536
-1803906.4262471653
-2405208.5683295536
-1030803.6721412372
-1288504.5901765465
-2405208.5683295536
-1116703.9781530069
-515401.8360706186
-1202604.2841647768
-944903.3661294674
-515401.8360706186
-2233407.956306014
-898332769.0301863
-3586115450.415756
-85900.30601176976
-2405208.5683295536
-2405208.5683295536
-1460305.202200086
-773102.7541059279
-2319308.2623177837
-2690187889.9539
-2405208.5683295536
-1718006.1202353954
-2405208.5683295536
-2405208.5683295536
-2405208.5683295536
-2690187889.9538994
-2405208.5683295536
-3586115450.415756
-2405208.5683295536
0.0
0.0
-2405208.5683295536
-687202.4480941582
-1794260329.492043
-1460305.202200086
-2405208.5683295536
-2405208.5683295536
-687202.4480941582
-1803906.4262471653
-944903.3661294674
-2405208.5683295536
-2319308.2623177837
-2405208.5683295536
-1632105.8142236257
-2405208.5683295536
-2147507.6502942443
-1975707.038270705
-2405208.5683295536
-1202604.2841647768
-2405208.5683295536
-2405208.5683295536
-2405208.5683295536
-773102.7541059279
-1794260329.492043
-1718006.1202353954
-1288504.5901765465
-2405208.5683295536
-1718006.1202353954
-2405208.5683295536
-2405208.5683295536
-515401.8360706186
-1975707.038270705
-2405208.5683295536
-2405208.5683295536
-3586115450.415756
-2405208.5683295536
-4482043010.877613
-898332769.0301863
-1975707.038270705
-1794260329.492043
-2405208.5683295536
-5377970571.33947
-1718006.1202353954
-2405208.5683295536
-2405208.5683295536
-2405208.5683295536
-2405208.5683295536
-2405208.5683295536
-2405208.5683295536
-171800.61202353952
-5377970571.33947
0.0
-5377970571.33947
-2405208.5683295536
-343601.2240470791
-2405208.5683295536
-2405208.5683295536
-2319308.2623177837
-6273898131.801327
-2405208.5683295536
-4482043010.877613
-2147507.6502942443
-1975707.038270705
-6273898131.801327
-2690187889.9539
-2405208.5683295536
-2405208.5683295536
-2405208.5683295536
-1460305.202200086
-2405208.5683295536
-1288504.5901765465
-171800.61202353952
-429501.53005884885
-85900.30601176976
