-73492216875.21112
-1632106.0642236257
-2104557.7472883593
-73491314648.83972
-1504077.8300747925
-1804180.8345367725
-1803906.9262471653
-896529685.8288078
-1792758444.928285
-1792757897.111706
-896829788.83327
-275.9082896071146
-896228487.1911875
-301748.45419962256
-71698258020.265
-896229582.824346
-1793359198.7537885
-71698259115.89815
-2193.2663168569165
-897131261.37918
-783.3093988774704
-71698259115.89815
-302452.68265861226
-896530507.5536765
-1566.8687977549407
-2193.2663168569165
-896230130.6409248
-896229856.7326356
-896530507.5536765
-72594487053.27277
-2193.2663168569165
-896230130.6409248
-71698559492.8109
-2193.2663168569165
-0.5
-2193.2663168569165
-896230130.6409248
-302570.17906844383
-156.91187977549407
-2193.2663168569165
-0.25
-71698259115.89815
-71698259115.89815
-73490714716.73907
-302296.0207788368
-2193.2663168569165
-896230130.6409252
-2193.2663168569165
-71698256924.63184
-71698256924.63184
-896528864.1039392
-71698256924.63184
-275.9082896071146
-1723.2806775304346
-1409.9569179794466
-2193.2663168569165
-2193.2663168569165
-313.32375955098814
-313.32375955098814
-2193.2663168569165
-2193.2663168569165
-2193.2663168569165
-302139.3588990613
-2193.2663168569165
-71698259115.89815
-2193.2663168569165
-2193.2663168569165
-71698259115.89815
-71698259115.89815
-2193.2663168569165
-302296.27077883674
-2193.2663168569165
-2193.2663168569165
-2193.2663168569165
-1723.2806775304346
-302570.179068444
-2193.2663168569165
-2193.2663168569165
-1566.6187977549407
-1919.358027249802
-2193.2663168569165
-71698258841.98987
-939.9712786529644
-2193.2663168569165
-313.32375955098814
-783.3093988774704
-44595.10274352757
-71698259115.89815
-2193.2663168569165
-71698259115.89815
-2193.2663168569165
-2193.2663168569165
-2193.2663168569165
-2193.2663168569165
-2193.2663168569165
-939.9712786529644
-71698259115.89815
-71698259115.89815
-2193.2663168569165
-313.32375955098814
-71699160246.63641
-1718006.1202353954
-2405208.5683295536
-1288504.5901765465
-2405208.5683295536
-85900.30601176976
-2104831.6555779665
-71698859869.72366
-2405208.5683295536
-2193.2663168569165
-903324.0045716183
-1096.6331584284585
-2193.2663168569165
-2193.2663168569165
-2193.2663168569165
-71698259115.89815
-2193.2663168569165
-2193.2663168569165
-1879.9425573059286
-2193.2663168569165
-2193.2663168569165
0.0
-1096.6331584284585
-71698259115.89815
-71698259115.89815
-2036.6044370814225
-2193.2663168569165
-71698259115.89815
-2193.2663168569165
0.0
-257700.9180353093
-2405208.5683295536
-944903.3661294674
-687202.4480941582
-2405208.5683295536
-2405208.5683295536
-2405208.5683295536
-2405208.5683295536
-2405208.5683295536
-2405208.5683295536
-2405208.5683295536
-2405208.5683295536
-2405208.5683295536
-71700662131.20016
-2405208.5683295536
-1374404.8961883164
-2147507.6502942443
-1889806.732258935
-2405208.5683295536
-85900.30601176976
-2405208.5683295536
-2405208.5683295536
-2405208.5683295536
-2405208.5683295536
0.0
-2405208.5683295536
-2405208.5683295536
-2405208.5683295536
-1955407006.9808683
-5377369269.197388
-2690187889.9538994
-2405208.5683295536
-601302.1420823884
-2405208.5683295536
-2405208.5683295536
-515401.8360706186
-1288504.5901765465
-1546205.508211856
-2405208.5683295536
-1803906.4262471653
-687202.4480941582
-2405208.5683295536
-2147507.6502942443
-2405208.5683295536
-859003.0601176977
-2405208.5683295536
-2405208.5683295536
-2405208.5683295536
-2405208.5683295536
-2405208.5683295536
-2405208.5683295536
-2405208.5683295536
-2319308.2623177837
-1288504.5901765465
-601302.1420823884
-859003.0601176977
-859003.0601176977
-2405208.5683295536
-2319308.2623177837
-2405208.5683295536
-2405208.5683295536
-2405208.5683295536
-2405208.5683295536
-2405208.5683295536
-2405208.5683295536
-257700.9180353093
-2405208.5683295536
-1975707.038270705
-1288504.5901765465
-1975707.038270705
-2405208.5683295536
-2405208.5683295536
-1460305.202200086
-2405208.5683295536
-2405208.5683295536
-1202604.2841647768
0.0
-2319308.2623177837
-2405208.5683295536
-2405208.5683295536
-2405208.5683295536
-2405208.5683295536
-1202604.2841647768
-2405208.5683295536
-2405208.5683295536
0.0
-2405208.5683295536
-2405208.5683295536
-2405208.5683295536
-429501.53005884885
-2405208.5683295536
-2405208.5683295536
-71700662131.20016
-2405208.5683295536
-2405208.5683295536
-1460305.202200086
-1546205.508211856
-2405208.5683295536
-2405208.5683295536
-343601.2240470791
-2405208.5683295536
0.0
-2405208.5683295536
-343601.2240470791
-2405208.5683295536
-2405208.5683295536
-944903.3661294674
-2405208.5683295536
-2061607.3442824746
-2405208.5683295536
-71700662131.20016
-2405208.5683295536
-1889806.732258935
-2405208.5683295536
-71700662131.20016
-2405208.5683295536
-2405208.5683295536
-2405208.5683295536
-2405208.5683295536
-2405208.5683295536
-1889806.732258935
-2405208.5683295536
-2405208.5683295536
-2405208.5683295536
-2405208.5683295536
-859003.0601176977
-2405208.5683295536
-2405208.5683295536
-2405208.5683295536
-1632105.8142236257
0.0
-257700.9180353093
-429501.53005884885
-2405208.5683295536
-1030803.6721412372
-71700662131.20016
-2405208.5683295536
-1889806.732258935
-1030803.6721412372
-1718006.1202353954
-2319308.2623177837
-944903.3661294674
-2405208.5683295536
-2405208.5683295536
-2405208.5683295536
-2405208.5683295536
-2405208.5683295536
-2405208.5683295536
-1288504.5901765465
-71700662131.20016
-2405208.5683295536
-2405208.5683295536
-2405208.5683295536
-343601.2240470791
-343601.2240470791
-2061607.3442824746
-2405208.5683295536
-2405208.5683295536
-2405208.5683295536
-2405208.5683295536
-2405208.5683295536
-71700662131.20016
-2405208.5683295536
-2405208.5683295536
-1116703.9781530069
-2405208.5683295536
-2405208.5683295536
-2147507.6502942443
-2405208.5683295536
-2405208.5683295536
-859003.0601176977
-2405208.5683295536
-1975707.038270705
-2405208.5683295536
-2405208.5683295536
-2405208.5683295536
-2405208.5683295536
-2405208.5683295536
-2319308.2623177837
-515401.8360706186
-71700662131.20016
-2405208.5683295536
-1975707.038270705
-2405208.5683295536
-1889806.732258935
-944903.3661294674
-71700662131.20016
-2405208.5683295536
-2405208.5683295536
-2233407.956306014
-2147507.6502942443
-2405208.5683295536
-2405208.5683295536
-429501.53005884885
-71700662131.20016
-2405208.5683295536
-4482043010.877613
-515401.8360706186
-2405208.5683295536
-6273898131.801327
-343601.2240470791
-2319308.2623177837
-2405208.5683295536
-2405208.5683295536
-2061607.3442824746
-2405208.5683295536
-2405208.5683295536
-1718006.1202353954
-7169825692.263184
-343601.2240470791
-3586115450.4157567
-5377970571.33947
-7169825692.263184
-898332769.0301863
-1030803.6721412372
0.0
-2405208.5683295536
-2405208.5683295536
-2405208.5683295536
-1794260329.492043
-898332769.0301863
-1794260329.492043
-1889806.732258935
0.0
-2405208.5683295536
-5377970571.33947
-1460305.202200086
-2147507.6502942443
-2405208.5683295536
-2233407.956306014
-2690187889.9539
-4482043010.877613
-7169825692.263184
-6273898131.801327
-2405208.5683295536
-2405208.5683295536
-2405208.5683295536
-171800.61202353952
-2405208.5683295536
-1794260329.492043
-2405208.5683295536
-2405208.5683295536
-1460305.202200086
-2319308.2623177837
-2405208.5683295536
-6273898131.801327
-1794260329.492043
-2233407.956306014
-2405208.5683295536
-2405208.5683295536
-1460305.202200086
-2405208.5683295536
-2690187889.9539
-2405208.5683295536
-2405208.5683295536
-687202.4480941582
-1794260329.492043
-2405208.5683295536
-2405208.5683295536
-859003.0601176977
-2405208.5683295536
-3586115450.4157567
-1460305.202200086
-2405208.5683295536
-1460305.202200086
-2405208.5683295536
0.0
-944903.3661294674
-1803906.4262471653
-7169825692.263184
-601302.1420823884
-343601.2240470791
0.0
-2405208.5683295536
-6273898131.801327
-898332769.0301863
-7169825692.263184
-2405208.5683295536
-2405208.5683295536
-2405208.5683295536
-5377970571.33947
-4482043010.877613
-2405208.5683295536
-898332769.0301863
-2405208.5683295536
-2405208.5683295536
-1803906.4262471653
-2690187889.9539
-6273898131.801327
-1794260329.492043
-1460305.202200086
-2061607.3442824746
-687202.4480941582
-6273898131.801327
-2405208.5683295536
-2405208.5683295536
-2405208.5683295536
-7169825692.263184
-859003.0601176977
-2147507.6502942443
-4482043010.877613
-1116703.9781530069
-3586115450.4157567
-2405208.5683295536
-4482043010.877613
-1718006.1202353954
-3586115450.4157567
-2405208.5683295536
-2405208.5683295536
-1030803.6721412372
-171800.61202353952
-2405208.5683295536
-1794260329.492043
-2405208.5683295536
-4482043010.877613
-2405208.5683295536
-1632105.8142236257
-601302.1420823884
-2405208.5683295536
-859003.0601176977
-859003.0601176977
-257700.9180353093
-2405208.5683295536
-2690187889.9539
-898332769.0301863
-898332769.0301863
-1116703.9781530069
-2405208.5683295536
-2690187889.9539
-1030803.6721412372
-2405208.5683295536
-1794260329.492043
-2405208.5683295536
-1794260329.492043
-1794260329.492043
-2405208.5683295536
-3586115450.4157567
-343601.2240470791
-1374404.8961883164
-3585815073.503005
-2689887513.041148
-1632105.8142236257
-5377670194.426719
-773102.7541059279
-2405208.5683295536
0.0
-2405208.5683295536
-85900.30601176976
-1889806.732258935
-2405208.5683295536
-6273597754.888575
-2405208.5683295536
-1116703.9781530069
-2405208.5683295536
-4481742633.964862
-2405208.5683295536
-2405208.5683295536
-944903.3661294674
-2405208.5683295536
-2405208.5683295536
-773102.7541059279
-1632105.8142236257
-2405208.5683295536
-2405208.5683295536
-515401.8360706186
-1804180.8345367725
-1202604.2841647768
-898032118.2091451
-2405208.5683295536
-1030803.6721412372
-515401.8360706186
-1116703.9781530069
-1803906.4262471653
-2405208.5683295536
-687202.4480941582
-429501.53005884885
-898032118.2091451
-2405208.5683295536
-4482043010.877613
-2405208.5683295536
-773102.7541059279
-2405208.5683295536
-1975707.038270705
-85900.30601176976
-1794260329.492043
-2104557.7472883593
-257700.9180353093
-5377669920.518429
-2405208.5683295536
-1632105.8142236257
-2405208.5683295536
-171800.61202353952
-2104557.7472883593
-5377669920.518429
-1718006.1202353954
-429501.53005884885
-944903.3661294674
-6273597480.980286
-171800.61202353952
-1632105.8142236257
-5377669920.518429
-3585814799.594715
-76179698631.86737
-6273597480.980286
-171800.61202353952
-85900.30601176976
-1803906.9262471653
-1632105.8142236257
-2104557.7472883593
-2147507.6502942443
-1116703.9781530069
-2147507.6502942443
-1632105.8142236257
-1460305.202200086
-7169825692.263184
-5377970571.33947
-2405208.5683295536
-2405208.5683295536
-4482043010.877613
-1374404.8961883164
-2319308.2623177837
-1202604.2841647768
0.0
-2405208.5683295536
-2405208.5683295536
-6273597480.980286
-898032118.2091451
-1374404.8961883164
-515401.8360706186
-2405208.5683295536
0.0
-3585814799.594715
-3586115450.4157567
-343601.2240470791
-1546205.508211856
-1632105.8142236257
-2689887239.1328588
-2061607.3442824746
-1030803.6721412372
-944903.3661294674
-6273597480.980286
-515401.8360706186
-2319308.2623177837
-1202604.2841647768
-2405208.5683295536
-2405208.5683295536
-2104557.7472883593
0.0
-2405208.5683295536
-2104557.7472883593
-944903.3661294674
-2405208.5683295536
0.0
-2405208.5683295536
-773102.7541059279
-2405208.5683295536
-1116703.9781530069
-2405208.5683295536
-343601.2240470791
-1632105.8142236257
-7169825692.263184
-2405208.5683295536
-6273898131.801327
-687202.4480941582
-2405208.5683295536
-1460305.202200086
-2405208.5683295536
-2405208.5683295536
-2405208.5683295536
-2405208.5683295536
-898332769.0301863
0.0
-1889806.732258935
-773102.7541059279
-2405208.5683295536
-2405208.5683295536
-1718006.1202353954
-6273898131.801327
-2319308.2623177837
-898332769.0301863
-2405208.5683295536
-601302.1420823884
-2405208.5683295536
-859003.0601176977
-1794260329.492043
-2405208.5683295536
-4482043010.877613
-859003.0601176977
-2405208.5683295536
-429501.53005884885
-5377970571.33947
-2405208.5683295536
-1718006.1202353954
0.0
-2405208.5683295536
-898332769.0301863
-6273898131.801327
-2405208.5683295536
-773102.7541059279
-85900.30601176976
-2689887513.041148
-944903.3661294674
-944903.3661294674
-2405208.5683295536
-2233407.956306014
-1116703.9781530069
-1793959678.671002
-2405208.5683295536
-2405208.5683295536
-3585814799.594715
-2405208.5683295536
-429501.53005884885
-5377669920.518429
-1202604.2841647768
-1460305.202200086
-2405208.5683295536
-2405208.5683295536
-898032118.2091451
-1288504.5901765465
-1632105.8142236257
-1975707.038270705
-2405208.5683295536
-2405208.5683295536
-2405208.5683295536
-1288504.5901765465
-1116703.9781530069
-4482043010.877613
-2319308.2623177837
-2405208.5683295536
-2405208.5683295536
-2405208.5683295536
-2405208.5683295536
-1202604.2841647768
-2061607.3442824746
-1116703.9781530069
-2405208.5683295536
-4481742360.056572
-2405208.5683295536
-2405208.5683295536
-2104831.6555779665
-2405208.5683295536
-5377669920.518429
-2405208.5683295536
-2104831.6555779665
-2405208.5683295536
-5377669920.518429
-2405208.5683295536
-898032118.2091451
-6273597480.980286
-1975707.038270705
-2405208.5683295536
-2405208.5683295536
-1374404.8961883164
-1793959952.5792913
-2405208.5683295536
-2405208.5683295536
-1288504.5901765465
-2405208.5683295536
-2405208.5683295536
-2405208.5683295536
0.0
-2405208.5683295536
-3585815073.503005
-1793959678.671002
-2405208.5683295536
-2405208.5683295536
-2405208.5683295536
-1889806.732258935
-2405208.5683295536
-2405208.5683295536
-1460305.202200086
-343601.2240470791
-2405208.5683295536
-2689887239.1328588
-2405208.5683295536
-4481742360.056572
-2104831.6555779665
-2405208.5683295536
-601302.1420823884
-2104557.7472883593
-257700.9180353093
-2405208.5683295536
-3585814799.594715
-2405208.5683295536
-2405208.5683295536
-2405208.5683295536
0.0
-2405208.5683295536
-2405208.5683295536
-2405208.5683295536
-1116703.9781530069
-85900.30601176976
-2689887513.041148
0.0
-2061607.3442824746
-6273898131.801327
-1202604.2841647768
-2405208.5683295536
-601302.1420823884
-171800.61202353952
-5377970571.33947
-773102.7541059279
-3586115450.4157567
-2405208.5683295536
-5377669920.518429
-2104557.7472883593
0.0
-2233407.956306014
-2319308.2623177837
-5377669920.518429
-3585814799.594715
-2405208.5683295536
-2405208.5683295536
-2405208.5683295536
-1718006.1202353954
-2405208.5683295536
-1374404.8961883164
-1803906.4262471653
-2147507.6502942443
-171800.61202353952
-2405208.5683295536
-1793959678.671002
-5377970571.33947
-1975707.038270705
-2405208.5683295536
-2405208.5683295536
-2147507.6502942443
-687202.4480941582
-3586115450.4157567
-898032118.2091451
-2690187889.9539
-2405208.5683295536
-2405208.5683295536
-2405208.5683295536
-2233407.956306014
-1793959678.671002
-944903.3661294674
-898032118.2091451
-1793959678.671002
-1632105.8142236257
-2689887239.1328588
-2405208.5683295536
-1718006.1202353954
-898032118.2091451
-2405208.5683295536
-1975707.038270705
-2405208.5683295536
-429501.53005884885
-1793959678.671002
-2405208.5683295536
-2405208.5683295536
-898032118.2091451
-2690187889.9539
-515401.8360706186
-4482043010.877613
-2405208.5683295536
0.0
-1718006.1202353954
-2405208.5683295536
-2689887239.1328588
-898032118.2091451
-3585814799.594715
-5377669920.518429
-2405208.5683295536
-6273597480.980286
-5377669920.518429
-898032118.2091451
0.0
-6273597480.980286
-2405208.5683295536
-515401.8360706186
-1288504.5901765465
-3585814799.594715
-4481742360.056572
-2405208.5683295536
-2690187889.9539
-2405208.5683295536
-2405208.5683295536
-2405208.5683295536
-2405208.5683295536
-429501.53005884885
-2405208.5683295536
-1793959678.671002
-2405208.5683295536
-2405208.5683295536
-2405208.5683295536
-898332769.0301863
-2405208.5683295536
-687202.4480941582
-5377669920.518429
-5377970571.33947
0.0
0.0
-898032118.2091451
-601302.1420823884
-898332769.0301863
-2405208.5683295536
-257700.9180353093
-1202604.2841647768
-7169825692.263184
-2405208.5683295536
-773102.7541059279
-2405208.5683295536
-2405208.5683295536
-2405208.5683295536
-1030803.6721412372
-2104831.6555779665
-2405208.5683295536
-171800.61202353952
-257700.9180353093
-1288504.5901765465
-687202.4480941582
-3585815073.503005
-2104831.6555779665
-1374404.8961883164
-1975707.038270705
-773102.7541059279
-2405208.5683295536
-1975707.038270705
-429501.53005884885
-898032392.1174347
-2689887513.041148
-2405208.5683295536
-515401.8360706186
-5377970571.33947
-4481742633.964862
-2405208.5683295536
-2233407.956306014
-343601.2240470791
-2405208.5683295536
-2405208.5683295536
-2405208.5683295536
-1718006.1202353954
-2147507.6502942443
-2405208.5683295536
-429501.53005884885
-2405208.5683295536
-2405208.5683295536
-171800.61202353952
-5377970571.33947
-2405208.5683295536
-2405208.5683295536
-3586115450.4157567
-2405208.5683295536
-898032392.1174347
-3585815073.503005
-1288504.5901765465
-1374404.8961883164
-4481742633.964862
-898332769.0301863
-515401.8360706186
-1793959952.5792913
-515401.8360706186
-2405208.5683295536
-1794260329.492043
-1116703.9781530069
-2405208.5683295536
-257700.9180353093
-2690187889.9539
-1718006.1202353954
-2147507.6502942443
0.0
-2405208.5683295536
-2405208.5683295536
-2405208.5683295536
-2405208.5683295536
-898332769.0301863
-85900.30601176976
-4482043010.877613
-4482043010.877613
-2405208.5683295536
-898032392.1174347
-1460305.202200086
-2405208.5683295536
-2405208.5683295536
-1889806.732258935
-2405208.5683295536
-1889806.732258935
-6273597480.980286
-1975707.038270705
-898332769.0301863
-1793959678.671002
-515401.8360706186
-85900.30601176976
-1718006.1202353954
-2405208.5683295536
-1546205.508211856
-2405208.5683295536
-2405208.5683295536
-687202.4480941582
-898332769.0301863
-2405208.5683295536
-773102.7541059279
-2405208.5683295536
-85900.30601176976
-3586115450.4157567
-2319308.2623177837
-6273898131.801327
-171800.61202353952
-2405208.5683295536
-2405208.5683295536
-2405208.5683295536
-4482043010.877613
-2233407.956306014
-1794260329.492043
-898332769.0301863
-2405208.5683295536
-171800.61202353952
-257700.9180353093
-515401.8360706186
-5377970571.33947
0.0
-898332769.0301863
-2405208.5683295536
-1288504.5901765465
-1374404.8961883164
-1793959678.671002
-944903.3661294674
-1632105.8142236257
-2405208.5683295536
-687202.4480941582
-343601.2240470791
-2405208.5683295536
-2405208.5683295536
-3585814799.594715
-2405208.5683295536
-171800.61202353952
-1374404.8961883164
-2405208.5683295536
-1202604.2841647768
-2689887239.1328588
-4481742360.056572
-2689887239.1328588
-515401.8360706186
-2405208.5683295536
-2689887239.1328588
-2405208.5683295536
-2405208.5683295536
-1460305.202200086
-3585814799.594715
-429501.53005884885
-2405208.5683295536
-2405208.5683295536
-2104557.7472883593
-1803906.4262471653
-1975707.038270705
-898032118.2091451
-2405208.5683295536
-6273597480.980286
-2405208.5683295536
-1116703.9781530069
-2405208.5683295536
-1793959678.671002
-3585814799.594715
-2405208.5683295536
-2061607.3442824746
-2319308.2623177837
-429501.53005884885
-773102.7541059279
-2061607.3442824746
-1288504.5901765465
-2147507.6502942443
-2405208.5683295536
-6273597480.980286
-4482043010.877613
-2104557.7472883593
-429501.53005884885
-2405208.5683295536
-2319308.2623177837
-2405208.5683295536
-601302.1420823884
-2405208.5683295536
-1632105.8142236257
-2319308.2623177837
-5377669920.518429
-2104557.7472883593
-1803906.4262471653
-1889806.732258935
-1889806.732258935
-2405208.5683295536
-2147507.6502942443
-2061607.3442824746
-2405208.5683295536
-1975707.038270705
-5377970571.33947
-3586115450.4157567
-171800.61202353952
-7169825692.263184
-4482043010.877613
-2405208.5683295536
-898332769.0301863
-5377970571.33947
-2405208.5683295536
-343601.2240470791
-2319308.2623177837
-1546205.508211856
-2405208.5683295536
-2405208.5683295536
-6273898131.801327
-7169825692.263184
-2405208.5683295536
-2405208.5683295536
-2405208.5683295536
-2405208.5683295536
-2405208.5683295536
-429501.53005884885
-2319308.2623177837
-1794260329.492043
-2319308.2623177837
-2405208.5683295536
-2405208.5683295536
-85900.30601176976
-2147507.6502942443
-2405208.5683295536
-2405208.5683295536
-2233407.956306014
-2405208.5683295536
-2405208.5683295536
-944903.3661294674
-257700.9180353093
-2233407.956306014
-171800.61202353952
-5377970571.33947
-2405208.5683295536
-1546205.508211856
-3586115450.4157567
-1632105.8142236257
-3586115450.4157567
-2405208.5683295536
-859003.0601176977
-1202604.2841647768
-1803906.4262471653
-2061607.3442824746
-343601.2240470791
-2405208.5683295536
-2405208.5683295536
-1793959678.671002
-2104557.7472883593
-515401.8360706186
-5377669920.518429
-1803906.9262471653
-1202604.2841647768
-2319308.2623177837
-1632105.8142236257
-1889806.732258935
-2104831.6555779665
-2405208.5683295536
-2405208.5683295536
-1460305.202200086
-773102.7541059279
-2233407.956306014
-343601.2240470791
-1202604.2841647768
-2405208.5683295536
-2405208.5683295536
-2405208.5683295536
-1803906.4262471653
-1288504.5901765465
-2405208.5683295536
-2147507.6502942443
-257700.9180353093
-1793959952.5792913
-2405208.5683295536
-2405208.5683295536
-3585814799.594715
-2689887239.1328588
-773102.7541059279
-2405208.5683295536
-2405208.5683295536
0.0
-5377970571.33947
-171800.61202353952
-1718006.1202353954
-2690187889.9539
-2405208.5683295536
-2690187889.9539
-2405208.5683295536
0.0
-898332769.0301863
-898332769.0301863
-1803906.4262471653
-2405208.5683295536
-859003.0601176977
-1546205.508211856
-6273898131.801327
-1632105.8142236257
0.0
-2405208.5683295536
-257700.9180353093
-85900.30601176976
-3586115450.4157567
-859003.0601176977
-2405208.5683295536
-343601.2240470791
-1460305.202200086
-2405208.5683295536
-2061607.3442824746
-2405208.5683295536
-429501.53005884885
-773102.7541059279
-2405208.5683295536
-2405208.5683295536
-515401.8360706186
-2405208.5683295536
-1202604.2841647768
-773102.7541059279
-2405208.5683295536
-1632105.8142236257
-343601.2240470791
-898332769.0301863
-2061607.3442824746
-6273898131.801327
-2405208.5683295536
-2405208.5683295536
-1030803.6721412372
-2319308.2623177837
-2405208.5683295536
-2319308.2623177837
-601302.1420823884
-898332769.0301863
-2405208.5683295536
-515401.8360706186
-1794260329.492043
-2405208.5683295536
-1288504.5901765465
-2405208.5683295536
0.0
-2405208.5683295536
-2405208.5683295536
-2405208.5683295536
-1460305.202200086
-2319308.2623177837
-2147507.6502942443
-1288504.5901765465
-2405208.5683295536
-1718006.1202353954
-2405208.5683295536
-2405208.5683295536
-1794260329.492043
-2319308.2623177837
0.0
-4482043010.877613
-2405208.5683295536
-2405208.5683295536
-2405208.5683295536
-2690187889.9539
-773102.7541059279
-1460305.202200086
-2405208.5683295536
-5377970571.33947
-2689887239.1328588
-859003.0601176977
-1030803.6721412372
-2405208.5683295536
-2405208.5683295536
-2405208.5683295536
-1794260329.492043
-429501.53005884885
-2405208.5683295536
-2405208.5683295536
-4482043010.877613
-1794260329.492043
-2405208.5683295536
-429501.53005884885
-2405208.5683295536
-2689887513.041148
-4482043010.877613
-4482043010.877613
-2405208.5683295536
-2405208.5683295536
-2104831.6555779665
-2319308.2623177837
-1202604.2841647768
-944903.3661294674
-2405208.5683295536
-3585815073.503005
-2405208.5683295536
-1546205.508211856
-4481742633.964862
-773102.7541059279
-2405208.5683295536
-2405208.5683295536
-2405208.5683295536
-6273597754.888575
-1632105.8142236257
-2405208.5683295536
-2147507.6502942443
-171800.61202353952
-2405208.5683295536
-429501.53005884885
0.0
-2405208.5683295536
-2405208.5683295536
-2405208.5683295536
-1889806.732258935
-601302.1420823884
-2405208.5683295536
-2405208.5683295536
-944903.3661294674
-687202.4480941582
-2405208.5683295536
-257700.9180353093
-1632105.8142236257
-944903.3661294674
-5377670194.426719
-2405208.5683295536
-2405208.5683295536
-2405208.5683295536
-4481742633.964862
-601302.1420823884
-2405208.5683295536
-859003.0601176977
-2405208.5683295536
-2405208.5683295536
-2104831.6555779665
-2405208.5683295536
-1889806.732258935
-1030803.6721412372
-1889806.732258935
-1718006.1202353954
-2104831.6555779665
-2405208.5683295536
-2689887513.041148
-2405208.5683295536
-2405208.5683295536
-1793959952.5792913
-2405208.5683295536
-6273597754.888576
-1288504.5901765465
-1793959952.5792913
-2405208.5683295536
-3585815073.503005
-2405208.5683295536
-2405208.5683295536
-773102.7541059279
-4482043010.877613
-1288504.5901765465
-2405208.5683295536
-1546205.508211856
-859003.0601176977
-898032392.1174347
-2690187889.9539
-2405208.5683295536
-2405208.5683295536
-4481742633.964862
-1030803.6721412372
-2405208.5683295536
-5377670194.426719
-2690187889.9539
-2405208.5683295536
-2405208.5683295536
-1794260329.492043
-2405208.5683295536
-2405208.5683295536
-2405208.5683295536
-2405208.5683295536
-898332769.0301863
-1975707.038270705
-2405208.5683295536
-2405208.5683295536
-2061607.3442824746
-257700.9180353093
-2405208.5683295536
-2690187889.9539
-1794260329.492043
-2147507.6502942443
-944903.3661294674
-898032392.1174347
-2405208.5683295536
-1546205.508211856
-6273898131.801327
-2319308.2623177837
-1794260329.492043
-1632105.8142236257
-2405208.5683295536
-2405208.5683295536
-2405208.5683295536
-2405208.5683295536
-1794260329.492043
-85900.30601176976
-2405208.5683295536
-1460305.202200086
-1116703.9781530069
-2233407.956306014
-1803906.4262471653
-2690187889.9539
-2405208.5683295536
-343601.2240470791
-2405208.5683295536
-1030803.6721412372
-1803906.4262471653
-2405208.5683295536
-773102.7541059279
-5377970571.33947
-2405208.5683295536
-944903.3661294674
-3586115450.4157567
-687202.4480941582
-1374404.8961883164
-1460305.202200086
-429501.53005884885
-1288504.5901765465
-1975707.038270705
-1889806.732258935
-2405208.5683295536
-2405208.5683295536
-3586115450.4157567
-1794260329.492043
-1632105.8142236257
-1546205.508211856
-859003.0601176977
-1975707.038270705
-5377970571.33947
-2405208.5683295536
-2690187889.9539
-3586115450.4157567
-1632105.8142236257
-3586115450.4157567
-2405208.5683295536
-2405208.5683295536
-2405208.5683295536
-257700.9180353093
-171800.61202353952
-2061607.3442824746
0.0
-2405208.5683295536
-2405208.5683295536
-1460305.202200086
-257700.9180353093
-2405208.5683295536
-2405208.5683295536
-2405208.5683295536
-1632105.8142236257
-2405208.5683295536
-2405208.5683295536
-71699158877.09496
-2405208.5683295536
-2405208.5683295536
-687202.4480941582
-429501.53005884885
-898032118.2091451
-1718006.1202353954
-2405208.5683295536
-71698557575.45288
-2104557.7472883593
-2405208.5683295536
-2405208.5683295536
-601302.1420823884
-2405208.5683295536
-2405208.5683295536
-171800.61202353952
-2405208.5683295536
-71699158877.09496
-2405208.5683295536
-71700060829.55809
-2405208.5683295536
-2405208.5683295536
-2405208.5683295536
-2405208.5683295536
-1374404.8961883164
-2405208.5683295536
-2405208.5683295536
-1288504.5901765465
-2405208.5683295536
-1794260329.492043
-1975707.038270705
-2405208.5683295536
-1460305.202200086
-2405208.5683295536
-687202.4480941582
-1794260329.492043
-2405208.5683295536
-2405208.5683295536
-2405208.5683295536
-2405208.5683295536
-3586115450.4157567
-2405208.5683295536
-687202.4480941582
-2147507.6502942443
-1794260329.492043
-2405208.5683295536
-6273898131.801327
-1718006.1202353954
-3586115450.4157567
-2405208.5683295536
-859003.0601176977
-2405208.5683295536
-3586115450.4157567
-1803906.4262471653
-1546205.508211856
-687202.4480941582
-1794260329.492043
-1030803.6721412372
-2233407.956306014
-898332769.0301863
-1794260329.492043
-1030803.6721412372
-944903.3661294674
-4482043010.877613
-1288504.5901765465
-1632105.8142236257
-2405208.5683295536
-687202.4480941582
-2405208.5683295536
-2405208.5683295536
-1546205.508211856
-5377970571.33947
-2405208.5683295536
-2405208.5683295536
-2233407.956306014
-1374404.8961883164
-773102.7541059279
-2690187889.9539
-2405208.5683295536
-1794260329.492043
-2405208.5683295536
-2690187889.9539
-1889806.732258935
-2233407.956306014
-1803906.4262471653
-773102.7541059279
-944903.3661294674
-4482043010.877613
-2405208.5683295536
-2405208.5683295536
-2405208.5683295536
-343601.2240470791
-1116703.9781530069
-898332769.0301863
-515401.8360706186
-2319308.2623177837
-2405208.5683295536
-1889806.732258935
-2690187889.9539
-6273898131.801327
-429501.53005884885
-2405208.5683295536
-1202604.2841647768
-2405208.5683295536
-2405208.5683295536
-343601.2240470791
-1030803.6721412372
-1374404.8961883164
-898332769.0301863
-2405208.5683295536
-1975707.038270705
-2405208.5683295536
-2690187889.9539
-2233407.956306014
-2690187889.9539
-1718006.1202353954
-2147507.6502942443
-2405208.5683295536
-2405208.5683295536
-1202604.2841647768
-1546205.508211856
-2405208.5683295536
-2405208.5683295536
-2405208.5683295536
-2405208.5683295536
-515401.8360706186
0.0
-1374404.8961883164
0.0
-601302.1420823884
-2405208.5683295536
-2319308.2623177837
-898332769.0301863
-1116703.9781530069
-2405208.5683295536
