-4399665765.706953
-71698256924.63184
-1955407006.9808683
-651802335.6602894
-3910814013.9617367
-6843924524.433039
-7169825692.263184
-73490714990.64737
-2405208.5683295536
-2405208.5683295536
-71698256924.63184
-71698256924.63184
-515402.8360706186
-687202.4480941582
-903324.0045716183
-2193.2663168569165
-313.32375955098814
-2193.2663168569165
-939.9712786529644
-71698259115.89815
-2193.2663168569165
-71698259115.89815
-71698259115.89815
-71698259115.89815
-71698259115.89815
-71698259115.89815
-2193.2663168569165
-2193.2663168569165
-156.66187977549407
-2193.2663168569165
-71698259115.89815
-71698259115.89815
-2193.2663168569165
-71698257746.3567
-2.0
-71698256924.63184
-71698256924.63184
-71698256924.63184
-71698256924.63184
-2.0
-71698256924.63184
-71698256924.63184
-2.0
-2.0
-2.0
-275.9082896071146
-71698259115.89815
-1723.2806775304346
-2193.2663168569165
-939.9712786529644
-2193.2663168569165
-2193.2663168569165
-1879.9425573059286
-2193.2663168569165
-71698259115.89815
-2193.2663168569165
-2193.2663168569165
-1879.9425573059286
-1410.2069179794466
-2.0
-2.0
-171801.36202353952
-2405208.5683295536
-2405208.5683295536
-2405208.5683295536
-2405208.5683295536
-2405208.5683295536
-2405208.5683295536
-2405208.5683295536
-257700.9180353093
-2405208.5683295536
-2405208.5683295536
-2405208.5683295536
-2405208.5683295536
-1116703.9781530069
-2405208.5683295536
-687202.4480941582
-1030803.6721412372
-773102.7541059279
-1460305.202200086
-1288504.5901765465
-2405208.5683295536
-944903.3661294674
-71700662131.20016
-2405208.5683295536
-2405208.5683295536
-1889806.732258935
-2405208.5683295536
0.0
-2405208.5683295536
-515401.8360706186
-2405208.5683295536
-2405208.5683295536
-2405208.5683295536
-1116703.9781530069
-2405208.5683295536
-2147507.6502942443
-2405208.5683295536
-2405208.5683295536
-2405208.5683295536
-2405208.5683295536
-2405208.5683295536
-2405208.5683295536
-1202604.2841647768
-2405208.5683295536
-2405208.5683295536
-2405208.5683295536
-2405208.5683295536
-2405208.5683295536
-1546205.508211856
-601302.1420823884
-2405208.5683295536
-2233407.956306014
0.0
-2405208.5683295536
-71700662131.20016
-1202604.2841647768
-2405208.5683295536
-2061607.3442824746
-257700.9180353093
-2405208.5683295536
-2405208.5683295536
-1460305.202200086
-2405208.5683295536
-2405208.5683295536
-2405208.5683295536
-687202.4480941582
-2405208.5683295536
0.0
-71700662131.20016
-2405208.5683295536
-1116703.9781530069
-2319308.2623177837
-2319308.2623177837
-1718006.1202353954
-2405208.5683295536
-2405208.5683295536
-2405208.5683295536
-2405208.5683295536
-2405208.5683295536
-2405208.5683295536
-2405208.5683295536
-2405208.5683295536
-1202604.2841647768
-2405208.5683295536
-2405208.5683295536
-85900.30601176976
-2405208.5683295536
-2405208.5683295536
-2405208.5683295536
-2405208.5683295536
-2405208.5683295536
-71700662131.20016
-2405208.5683295536
-1288504.5901765465
-2405208.5683295536
-1460305.202200086
-2405208.5683295536
-2405208.5683295536
-2405208.5683295536
-2233407.956306014
-2405208.5683295536
-1030803.6721412372
-1975707.038270705
-515401.8360706186
-2405208.5683295536
-2233407.956306014
-1975707.038270705
-2405208.5683295536
-2405208.5683295536
-2405208.5683295536
-71700662131.20016
-2405208.5683295536
-2405208.5683295536
-2405208.5683295536
-2405208.5683295536
-2405208.5683295536
-1116703.9781530069
-2405208.5683295536
-2405208.5683295536
-2405208.5683295536
-2405208.5683295536
0.0
-2405208.5683295536
-2405208.5683295536
-2405208.5683295536
-2405208.5683295536
-71700662131.20016
-1632105.8142236257
-2405208.5683295536
-944903.3661294674
-171800.61202353952
-2405208.5683295536
-1546205.508211856
-2405208.5683295536
-71700662131.20016
-71700662131.20016
-2405208.5683295536
-2405208.5683295536
-2405208.5683295536
-71700662131.20016
-2405208.5683295536
-71700662131.20016
-1889806.732258935
-2405208.5683295536
-2147507.6502942443
-2405208.5683295536
-2147507.6502942443
-1546205.508211856
-1975707.038270705
-1546205.508211856
-2233407.956306014
-2319308.2623177837
-2319308.2623177837
-2405208.5683295536
-1030803.6721412372
-2147507.6502942443
-2405208.5683295536
-2405208.5683295536
-2405208.5683295536
-2405208.5683295536
-2147507.6502942443
-2061607.3442824746
-2405208.5683295536
-2405208.5683295536
-601302.1420823884
-2405208.5683295536
-773102.7541059279
-2405208.5683295536
-71700662131.20016
-944903.3661294674
-2405208.5683295536
-343601.2240470791
-71700662131.20016
-1803906.4262471653
-1889806.732258935
-944903.3661294674
-2405208.5683295536
-343601.2240470791
-2405208.5683295536
-71700662131.20016
-2147507.6502942443
-2405208.5683295536
-2405208.5683295536
-2405208.5683295536
-2405208.5683295536
-2405208.5683295536
-1460305.202200086
-1975707.038270705
-859003.0601176977
-2405208.5683295536
-71700662131.20016
-2405208.5683295536
-2405208.5683295536
-1288504.5901765465
-2147507.6502942443
-944903.3661294674
-2405208.5683295536
-2405208.5683295536
-2405208.5683295536
-2405208.5683295536
-257700.9180353093
-2405208.5683295536
-2405208.5683295536
-2405208.5683295536
-687202.4480941582
-71700662131.20016
-515401.8360706186
-2405208.5683295536
-601302.1420823884
-2405208.5683295536
-2319308.2623177837
-2405208.5683295536
-2405208.5683295536
-2405208.5683295536
-2405208.5683295536
-2405208.5683295536
-71700662131.20016
-944903.3661294674
-1718006.1202353954
-1460305.202200086
-2405208.5683295536
-2405208.5683295536
-2405208.5683295536
-1288504.5901765465
-859003.0601176977
-1975707.038270705
-2405208.5683295536
-2405208.5683295536
-1288504.5901765465
-2233407.956306014
-71700662131.20016
-2405208.5683295536
-343601.2240470791
-2061607.3442824746
-2405208.5683295536
-2405208.5683295536
-2405208.5683295536
-2405208.5683295536
-2405208.5683295536
-2405208.5683295536
-2147507.6502942443
-773102.7541059279
-71700662131.20016
-2405208.5683295536
-1632105.8142236257
-2405208.5683295536
-71700662131.20016
-2405208.5683295536
-2405208.5683295536
-2061607.3442824746
-773102.7541059279
-2405208.5683295536
-2405208.5683295536
-773102.7541059279
-2233407.956306014
-2405208.5683295536
-2405208.5683295536
-1632105.8142236257
-2405208.5683295536
-2405208.5683295536
-429501.53005884885
-1202604.2841647768
-2405208.5683295536
-1632105.8142236257
-2405208.5683295536
-1288504.5901765465
-2233407.956306014
-71700662131.20016
-2405208.5683295536
-2405208.5683295536
-2405208.5683295536
-2405208.5683295536
-2405208.5683295536
-2405208.5683295536
-601302.1420823884
-2405208.5683295536
-2405208.5683295536
-2405208.5683295536
-687202.4480941582
-859003.0601176977
-1202604.2841647768
-1030803.6721412372
-2405208.5683295536
-2405208.5683295536
-2405208.5683295536
-2405208.5683295536
-2405208.5683295536
-2405208.5683295536
-2405208.5683295536
-2405208.5683295536
-2405208.5683295536
-687202.4480941582
-2405208.5683295536
-1803906.4262471653
-2405208.5683295536
-1030803.6721412372
-85900.30601176976
-2405208.5683295536
-2405208.5683295536
-2405208.5683295536
-2405208.5683295536
-944903.3661294674
-1460305.202200086
-2319308.2623177837
-2405208.5683295536
0.0
-2405208.5683295536
-71700662131.20016
-2405208.5683295536
-773102.7541059279
-2405208.5683295536
-773102.7541059279
-2405208.5683295536
-2405208.5683295536
-2405208.5683295536
-2405208.5683295536
-1116703.9781530069
-1718006.1202353954
-2405208.5683295536
-1116703.9781530069
-71700662131.20016
-2405208.5683295536
-1718006.1202353954
-2319308.2623177837
-2405208.5683295536
-515401.8360706186
-1975707.038270705
-1374404.8961883164
-2061607.3442824746
-71700662131.20016
-2405208.5683295536
-1288504.5901765465
-2405208.5683295536
-2405208.5683295536
-2405208.5683295536
-2405208.5683295536
-71700662131.20016
-2405208.5683295536
-1030803.6721412372
-2405208.5683295536
-2405208.5683295536
-343601.2240470791
-2405208.5683295536
-85900.30601176976
-2405208.5683295536
-944903.3661294674
-1975707.038270705
-2405208.5683295536
-2405208.5683295536
-2319308.2623177837
-2405208.5683295536
-2405208.5683295536
-2405208.5683295536
-343601.2240470791
-2405208.5683295536
-2405208.5683295536
-1889806.732258935
-2405208.5683295536
-859003.0601176977
-1116703.9781530069
-2233407.956306014
-2405208.5683295536
-2405208.5683295536
-2405208.5683295536
-1288504.5901765465
-601302.1420823884
-85900.30601176976
-2405208.5683295536
-2405208.5683295536
-2405208.5683295536
-2405208.5683295536
-1889806.732258935
-2405208.5683295536
-2405208.5683295536
-601303.6420823884
-2.0
-71698256924.63184
-2.0
-71698256924.63184
-71698256924.63184
-2.0
-2.0
-2.0
-71698256924.63184
-71698256924.63184
-2.0
-71698256924.63184
-2.0
-71698256924.63184
-2.0
-71698256924.63184
-71698256924.63184
-2.0
-2.0
-2.0
-2.0
-71698256924.63184
-71698256924.63184
-2.0
-2.0
-2.0
-71698256924.63184
-300652.8210411942
-2405208.5683295536
-1116703.9781530069
-2405208.5683295536
-1975707.038270705
-515401.8360706186
-2405208.5683295536
-2405208.5683295536
-2405208.5683295536
-2147507.6502942443
-2405208.5683295536
-343601.2240470791
-2405208.5683295536
-2405208.5683295536
-1116703.9781530069
-2405208.5683295536
-2405208.5683295536
-2405208.5683295536
-429501.53005884885
-2147507.6502942443
-2319308.2623177837
-2405208.5683295536
-2405208.5683295536
-2405208.5683295536
-85900.30601176976
-2405208.5683295536
-85900.30601176976
-1288504.5901765465
-2405208.5683295536
-2405208.5683295536
-2405208.5683295536
-2405208.5683295536
-515401.8360706186
-2405208.5683295536
-1030803.6721412372
-71700662131.20016
-515401.8360706186
-2405208.5683295536
-2405208.5683295536
-2405208.5683295536
-71700662131.20016
-773102.7541059279
-2405208.5683295536
-944903.3661294674
-2405208.5683295536
-2405208.5683295536
-2405208.5683295536
-2405208.5683295536
-944903.3661294674
-2147507.6502942443
-2405208.5683295536
-2405208.5683295536
-2405208.5683295536
-2405208.5683295536
-2319308.2623177837
-2405208.5683295536
-2405208.5683295536
-71699460623.54916
0.0
-2193.2663168569165
-2193.2663168569165
-71698259115.89815
-2193.2663168569165
-2193.2663168569165
-2193.2663168569165
-71698259115.89815
-2193.2663168569165
-71698259115.89815
-71698259115.89815
-2193.2663168569165
-2193.2663168569165
-2193.2663168569165
-2193.2663168569165
-2193.2663168569165
-2193.2663168569165
-156.66187977549407
-939.9712786529644
-71698259115.89815
-2193.2663168569165
-2193.2663168569165
-71698259115.89815
-2193.2663168569165
-2193.2663168569165
-2193.2663168569165
-71698259115.89815
-2193.2663168569165
-156.66187977549407
-2193.2663168569165
-2193.2663168569165
-71698259115.89815
-2193.2663168569165
-71698259115.89815
-2193.2663168569165
-71698259115.89815
-71698259115.89815
-1879.9425573059286
-2193.2663168569165
-2193.2663168569165
-1253.2950382039526
-2193.2663168569165
-1566.6187977549407
-2193.2663168569165
-313.32375955098814
-2193.2663168569165
-2193.2663168569165
-71698259115.89815
-71698259115.89815
-71698259115.89815
-2193.2663168569165
-2193.2663168569165
-2193.2663168569165
-2193.2663168569165
-2193.2663168569165
-2193.2663168569165
-2193.2663168569165
-903324.0045716183
-1504077.8300747925
-2405208.5683295536
-2319308.2623177837
-85900.30601176976
-2405208.5683295536
-1718006.1202353954
-71700662131.20016
-257700.9180353093
-343601.2240470791
-2405208.5683295536
-71700060829.55809
-71698858226.27393
-71698256924.63184
-71698256924.63184
-71698256924.63184
-2.0
-2.0
-2.0
-2.0
-71698256924.63184
-71698256924.63184
-2.0
-71698256924.63184
-71698256924.63184
-71698256924.63184
-901954.4631235825
-71698256924.63184
-2.0
-2.0
-71698256924.63184
-71698256924.63184
-2.0
-2.0
-2.0
-2.0
-2.0
-71698256924.63184
-2.0
-2.0
-2.0
-2.0
-2.0
-2.0
-2.0
-1503256.105205971
-71698858226.27393
-2405208.5683295536
-1718006.1202353954
-2405208.5683295536
-1030803.6721412372
-2405208.5683295536
-2405208.5683295536
-257700.9180353093
-2405208.5683295536
-2233407.956306014
-2405208.5683295536
-2061607.3442824746
-1116703.9781530069
-2233407.956306014
-2233407.956306014
-2405208.5683295536
-2405208.5683295536
-2405208.5683295536
-2061607.3442824746
-601302.1420823884
-2405208.5683295536
-2233407.956306014
-171800.61202353952
-1718006.1202353954
-71700662131.20016
-2405208.5683295536
-2319308.2623177837
-1116703.9781530069
-2405208.5683295536
-2405208.5683295536
-1546205.508211856
-2405208.5683295536
-429501.53005884885
-2405208.5683295536
-2405208.5683295536
-2405208.5683295536
-2405208.5683295536
-2405208.5683295536
-2405208.5683295536
-171800.61202353952
-2061607.3442824746
-2405208.5683295536
-429501.53005884885
-2147507.6502942443
-2405208.5683295536
-2147507.6502942443
-2405208.5683295536
-2405208.5683295536
-2405208.5683295536
-71700662131.20016
-1288504.5901765465
-2233407.956306014
-71700662131.20016
-85900.30601176976
-257700.9180353093
-2405208.5683295536
-2405208.5683295536
-71700662131.20016
-2405208.5683295536
-2405208.5683295536
-2405208.5683295536
-2147507.6502942443
-2405208.5683295536
-2405208.5683295536
-2405208.5683295536
-1116703.9781530069
-687202.4480941582
-257700.9180353093
-2405208.5683295536
-2405208.5683295536
-1374404.8961883164
-2405208.5683295536
-2405208.5683295536
-171800.61202353952
-85900.30601176976
-85900.30601176976
-2405208.5683295536
-2405208.5683295536
-515401.8360706186
-2405208.5683295536
-2405208.5683295536
-1803906.4262471653
-2405208.5683295536
-2405208.5683295536
-2405208.5683295536
-2405208.5683295536
-71700662131.20016
-2147507.6502942443
-171800.61202353952
-2405208.5683295536
-2405208.5683295536
-2405208.5683295536
-2405208.5683295536
-2405208.5683295536
-2405208.5683295536
-71700662131.20016
-2405208.5683295536
-2405208.5683295536
-2405208.5683295536
-2405208.5683295536
-2405208.5683295536
-2405208.5683295536
-2405208.5683295536
-2405208.5683295536
-2405208.5683295536
-1546205.508211856
-2405208.5683295536
-1116703.9781530069
0.0
-2405208.5683295536
-2405208.5683295536
-2405208.5683295536
-2405208.5683295536
-2405208.5683295536
-2405208.5683295536
-343601.2240470791
-2405208.5683295536
-2405208.5683295536
-429501.53005884885
-2405208.5683295536
-687202.4480941582
-2405208.5683295536
-2405208.5683295536
-2405208.5683295536
-2405208.5683295536
-1975707.038270705
-1116703.9781530069
-2405208.5683295536
-2405208.5683295536
-1288504.5901765465
-257700.9180353093
-2405208.5683295536
-343601.2240470791
-2405208.5683295536
-1889806.732258935
-2405208.5683295536
-2405208.5683295536
-2405208.5683295536
-1116703.9781530069
-2405208.5683295536
-1546205.508211856
-1116703.9781530069
-2405208.5683295536
-2319308.2623177837
-2319308.2623177837
0.0
-944903.3661294674
-1374404.8961883164
-1202604.2841647768
-2405208.5683295536
-601302.1420823884
-2405208.5683295536
-2405208.5683295536
-859003.0601176977
-1288504.5901765465
-2405208.5683295536
-2405208.5683295536
-2405208.5683295536
-2233407.956306014
-2147507.6502942443
-71700662131.20016
-944903.3661294674
-1030803.6721412372
-2405208.5683295536
-773102.7541059279
-2405208.5683295536
-343601.2240470791
-2405208.5683295536
-1030803.6721412372
-1889806.732258935
-2061607.3442824746
-2405208.5683295536
-2405208.5683295536
-2405208.5683295536
0.0
-257700.9180353093
-2319308.2623177837
-1460305.202200086
-1374404.8961883164
-2193.2663168569165
-2193.2663168569165
-71698859869.72366
-1267851.9885424254
-494749.23443649744
-343601.2240470791
-2193.2663168569165
-2193.2663168569165
-1409.9569179794466
-2193.2663168569165
-2193.2663168569165
-2193.2663168569165
-71698259115.89815
-2193.2663168569165
-2193.2663168569165
-2193.2663168569165
-2193.2663168569165
-2193.2663168569165
-71698259115.89815
-2193.2663168569165
-2193.2663168569165
-2193.2663168569165
-156.66187977549407
-71698859869.72366
-1804454.7428263796
-2104831.6555779665
-71700662131.20016
-2405208.5683295536
-2233407.956306014
-2405208.5683295536
-515401.8360706186
-71698259115.89815
-2405208.5683295536
-2405208.5683295536
-2405208.5683295536
-2405208.5683295536
-2405208.5683295536
-2405208.5683295536
-903324.0045716183
-71698559492.8109
-1374404.8961883164
-1504077.8300747925
-313.32375955098814
-1879.9425573059286
-2193.2663168569165
-71698259115.89815
-71698259115.89815
-2405208.5683295536
-1374404.8961883164
-2405208.5683295536
-85900.30601176976
-2405208.5683295536
-2061607.3442824746
-2405208.5683295536
-71699761000.46191
-2193.2663168569165
-71698259115.89815
-626.6475191019763
-71698259115.89815
-2193.2663168569165
-2193.2663168569165
-783.3093988774704
-2193.2663168569165
-2193.2663168569165
-2193.2663168569165
-2036.6044370814225
-1253.2950382039526
-783.3093988774704
-2193.2663168569165
-1096.6331584284585
-71698259115.89815
-2193.2663168569165
-2193.2663168569165
-783.3093988774704
-1879.9425573059286
-2193.2663168569165
-2193.2663168569165
-2193.2663168569165
-2193.2663168569165
-2193.2663168569165
-2036.6044370814225
-156.66187977549407
-2193.2663168569165
-71698259115.89815
-2193.2663168569165
-156.66187977549407
-2405208.5683295536
-343601.2240470791
-71700662131.20016
-1975707.038270705
-1889806.732258935
-2061607.3442824746
-859003.0601176977
0.0
-1030803.6721412372
-515401.8360706186
-2405208.5683295536
-601302.1420823884
-2405208.5683295536
-2405208.5683295536
-2405208.5683295536
-2405208.5683295536
-71700662131.20016
-2405208.5683295536
-2405208.5683295536
-2405208.5683295536
-429501.53005884885
-2405208.5683295536
-2061607.3442824746
-2405208.5683295536
-429501.53005884885
-1460305.202200086
-2405208.5683295536
-71700662131.20016
-1460305.202200086
-257700.9180353093
-2405208.5683295536
-859003.0601176977
-71700662131.20016
-2405208.5683295536
-2405208.5683295536
-2405208.5683295536
-2405208.5683295536
-2405208.5683295536
-1460305.202200086
-2405208.5683295536
-85900.30601176976
-2193.2663168569165
-1203700.9173232054
-2405208.5683295536
-2405208.5683295536
-302570.17906844383
-2193.2663168569165
-2193.2663168569165
-2193.2663168569165
-2193.2663168569165
-783.3093988774704
-2193.2663168569165
-2193.2663168569165
-944903.3661294674
-2405208.5683295536
-71700662131.20016
-2405208.5683295536
-903324.0045716183
-313.32375955098814
-71698259115.89815
-1267851.9885424254
-1374404.8961883164
-343601.2240470791
-2405208.5683295536
-2405208.5683295536
-773102.7541059279
-1374404.8961883164
-2405208.5683295536
-2233407.956306014
-2405208.5683295536
-2405208.5683295536
-903324.0045716183
-2193.2663168569165
-2193.2663168569165
-2193.2663168569165
-2193.2663168569165
-2193.2663168569165
-302570.179068444
-2405208.5683295536
-1803906.4262471653
-2405208.5683295536
-2405208.5683295536
-2405208.5683295536
-2405208.5683295536
-71700662131.20016
-85900.30601176976
-2405208.5683295536
-2405208.5683295536
-2319308.2623177837
-1975707.038270705
-687202.4480941582
-2405208.5683295536
-2405208.5683295536
-2405208.5683295536
-2405208.5683295536
-2405208.5683295536
-2405208.5683295536
-2405208.5683295536
-2405208.5683295536
-2405208.5683295536
-85900.30601176976
-2405208.5683295536
-2405208.5683295536
-2405208.5683295536
-2405208.5683295536
-71700662131.20016
-1718006.1202353954
-2405208.5683295536
-1288504.5901765465
-2405208.5683295536
-2405208.5683295536
-2405208.5683295536
-343601.2240470791
-2405208.5683295536
-2405208.5683295536
-601302.1420823884
-2405208.5683295536
-2405208.5683295536
-2405208.5683295536
-71700662131.20016
-601302.1420823884
-1546205.508211856
-1374404.8961883164
-2061607.3442824746
-2405208.5683295536
-2405208.5683295536
-2405208.5683295536
-2405208.5683295536
-2405208.5683295536
-2405208.5683295536
0.0
-2405208.5683295536
-2405208.5683295536
-2405208.5683295536
-2405208.5683295536
-2405208.5683295536
-71700662131.20016
-944903.3661294674
-1889806.732258935
-2405208.5683295536
-2405208.5683295536
-2405208.5683295536
-2405208.5683295536
-859003.0601176977
-515401.8360706186
-2405208.5683295536
-2405208.5683295536
-2405208.5683295536
-2405208.5683295536
-2405208.5683295536
-1202604.2841647768
-1718006.1202353954
-1460305.202200086
-2405208.5683295536
-2405208.5683295536
-2405208.5683295536
0.0
-601302.1420823884
-2405208.5683295536
-2405208.5683295536
-2233407.956306014
-2405208.5683295536
-2405208.5683295536
-2405208.5683295536
-2405208.5683295536
-2405208.5683295536
-2405208.5683295536
-1975707.038270705
0.0
-2405208.5683295536
-2405208.5683295536
-944903.3661294674
-2405208.5683295536
-71700662131.20016
-2405208.5683295536
-2405208.5683295536
-2405208.5683295536
-1030803.6721412372
-1116703.9781530069
-257700.9180353093
-2405208.5683295536
-2405208.5683295536
-2405208.5683295536
-2405208.5683295536
-1546205.508211856
-2233407.956306014
-2405208.5683295536
-2405208.5683295536
-2061607.3442824746
-2405208.5683295536
-2405208.5683295536
-2405208.5683295536
-2405208.5683295536
-2405208.5683295536
-773102.7541059279
-2405208.5683295536
-1030803.6721412372
-2405208.5683295536
-71700662131.20016
-2405208.5683295536
-2405208.5683295536
-2405208.5683295536
-71700662131.20016
-2405208.5683295536
-2405208.5683295536
-2405208.5683295536
-2405208.5683295536
-257700.9180353093
-71699158877.09496
-2.0
-71698256924.63184
-2.0
-2.0
-2.0
-71698256924.63184
-2.0
-71698256924.63184
-2.0
-2.0
-71698256924.63184
-2.0
-2.0
-2.0
-71698256924.63184
-2.0
-2.0
-71698256924.63184
-2104557.7472883593
-171800.61202353952
-2405208.5683295536
-2405208.5683295536
-2405208.5683295536
0.0
-2405208.5683295536
-2405208.5683295536
-343601.2240470791
-2405208.5683295536
-2405208.5683295536
-1889806.732258935
-687202.4480941582
-343601.2240470791
-2405208.5683295536
-2405208.5683295536
0.0
-2405208.5683295536
-1030803.6721412372
-85900.30601176976
-2405208.5683295536
-1116703.9781530069
-71700662131.20016
-2405208.5683295536
-2405208.5683295536
-2405208.5683295536
-2405208.5683295536
-2405208.5683295536
-2405208.5683295536
-2405208.5683295536
-1803906.4262471653
-944903.3661294674
-1374404.8961883164
-2405208.5683295536
-2405208.5683295536
-257700.9180353093
-1030803.6721412372
-2405208.5683295536
0.0
-944903.3661294674
-2319308.2623177837
-2405208.5683295536
-2405208.5683295536
-2405208.5683295536
-2405208.5683295536
-2405208.5683295536
-2405208.5683295536
-2405208.5683295536
-2405208.5683295536
-1632105.8142236257
-2147507.6502942443
-773102.7541059279
-2405208.5683295536
-2405208.5683295536
-2405208.5683295536
-1632105.8142236257
-687202.4480941582
-2405208.5683295536
-2405208.5683295536
-944903.3661294674
-2405208.5683295536
-2405208.5683295536
-1546205.508211856
-2319308.2623177837
-2405208.5683295536
-2405208.5683295536
-2405208.5683295536
-2405208.5683295536
-2405208.5683295536
-2405208.5683295536
-257700.9180353093
-71700662131.20016
-2405208.5683295536
-601302.1420823884
-2405208.5683295536
-429501.53005884885
-71700662131.20016
-1803906.4262471653
-2405208.5683295536
-2405208.5683295536
-2405208.5683295536
-2405208.5683295536
-2405208.5683295536
-2405208.5683295536
-2405208.5683295536
-1718006.1202353954
-71700662131.20016
-1975707.038270705
-1889806.732258935
-2405208.5683295536
-2405208.5683295536
-85900.30601176976
-2405208.5683295536
-2405208.5683295536
-2405208.5683295536
-85900.30601176976
-85900.30601176976
-2061607.3442824746
-2405208.5683295536
-2405208.5683295536
-2405208.5683295536
-944903.3661294674
-601302.1420823884
-601302.1420823884
-2405208.5683295536
-71700662131.20016
-2319308.2623177837
-2405208.5683295536
-2405208.5683295536
-171800.61202353952
-2405208.5683295536
-687202.4480941582
-1546205.508211856
-2405208.5683295536
-2405208.5683295536
-2405208.5683295536
-429501.53005884885
-2405208.5683295536
-2405208.5683295536
-2147507.6502942443
-2405208.5683295536
-257700.9180353093
-1632105.8142236257
-2405208.5683295536
-859003.0601176977
-171800.61202353952
-2405208.5683295536
-2405208.5683295536
-2405208.5683295536
-2405208.5683295536
-2405208.5683295536
-2405208.5683295536
-2405208.5683295536
-2405208.5683295536
-2061607.3442824746
-1803906.4262471653
-2405208.5683295536
-2405208.5683295536
-2405208.5683295536
-2405208.5683295536
-2405208.5683295536
-1030803.6721412372
-2405208.5683295536
-1975707.038270705
-71700662131.20016
-2405208.5683295536
-2405208.5683295536
-429501.53005884885
-2405208.5683295536
-2405208.5683295536
-2405208.5683295536
0.0
-1116703.9781530069
-2147507.6502942443
-2405208.5683295536
-1460305.202200086
-2405208.5683295536
-944903.3661294674
-2405208.5683295536
-2405208.5683295536
-859003.0601176977
-2405208.5683295536
-2405208.5683295536
-2405208.5683295536
-2405208.5683295536
-71700662131.20016
-257700.9180353093
-71700662131.20016
-2405208.5683295536
-2405208.5683295536
-773102.7541059279
-2405208.5683295536
-2405208.5683295536
-2405208.5683295536
-859003.0601176977
-859003.0601176977
-2405208.5683295536
-1803906.4262471653
-71700662131.20016
-2405208.5683295536
-687202.4480941582
-71700662131.20016
-2405208.5683295536
-71700662131.20016
-2405208.5683295536
-2405208.5683295536
-1803906.4262471653
-2405208.5683295536
-2405208.5683295536
-2405208.5683295536
-773102.7541059279
-1632105.8142236257
-1803906.4262471653
-515401.8360706186
-2405208.5683295536
-1718006.1202353954
-2405208.5683295536
-2405208.5683295536
-2405208.5683295536
-2405208.5683295536
-2405208.5683295536
-2405208.5683295536
-2405208.5683295536
-2405208.5683295536
-515401.8360706186
-2405208.5683295536
-859003.0601176977
-2405208.5683295536
-171800.61202353952
-2405208.5683295536
-859003.0601176977
-2405208.5683295536
-2405208.5683295536
-2405208.5683295536
-85900.30601176976
-2405208.5683295536
-2405208.5683295536
-171800.61202353952
-1803906.4262471653
-2319308.2623177837
-2405208.5683295536
-2405208.5683295536
-515401.8360706186
-2405208.5683295536
-2405208.5683295536
-257700.9180353093
-2405208.5683295536
-2405208.5683295536
-2405208.5683295536
-2405208.5683295536
-2147507.6502942443
-2405208.5683295536
-2405208.5683295536
-2405208.5683295536
-171800.61202353952
-1718006.1202353954
-2405208.5683295536
-2405208.5683295536
-1718006.1202353954
-71700662131.20016
-1632105.8142236257
-2405208.5683295536
-2405208.5683295536
-1030803.6721412372
-773102.7541059279
0.0
-2405208.5683295536
-2405208.5683295536
-2405208.5683295536
-2405208.5683295536
-2405208.5683295536
-2405208.5683295536
-2405208.5683295536
-71700662131.20016
-2405208.5683295536
-2405208.5683295536
-2405208.5683295536
-429501.53005884885
-1288504.5901765465
-2405208.5683295536
-2405208.5683295536
-2405208.5683295536
-2405208.5683295536
-2405208.5683295536
-171800.61202353952
-1374404.8961883164
-944903.3661294674
-2405208.5683295536
-2405208.5683295536
-2405208.5683295536
-2405208.5683295536
-2405208.5683295536
0.0
-2405208.5683295536
-2405208.5683295536
-2405208.5683295536
-429501.53005884885
-2405208.5683295536
-2405208.5683295536
-171800.61202353952
-2061607.3442824746
-2405208.5683295536
-2405208.5683295536
-944903.3661294674
-1374404.8961883164
-2319308.2623177837
-2405208.5683295536
-2405208.5683295536
-1116703.9781530069
-2405208.5683295536
-2405208.5683295536
-2405208.5683295536
-1546205.508211856
-343601.2240470791
-2405208.5683295536
-2405208.5683295536
-2405208.5683295536
-2405208.5683295536
-2405208.5683295536
-2405208.5683295536
-2405208.5683295536
-2319308.2623177837
-2405208.5683295536
-2405208.5683295536
-2405208.5683295536
-515401.8360706186
-1889806.732258935
-2405208.5683295536
-2405208.5683295536
-2405208.5683295536
-1460305.202200086
-171800.61202353952
-2405208.5683295536
-2061607.3442824746
-2405208.5683295536
-1374404.8961883164
-1632105.8142236257
-2405208.5683295536
-2405208.5683295536
-1546205.508211856
-2405208.5683295536
-2405208.5683295536
-1202604.2841647768
-1718006.1202353954
-2319308.2623177837
-515401.8360706186
-2405208.5683295536
-2405208.5683295536
-2405208.5683295536
-2405208.5683295536
-1632105.8142236257
-1718006.1202353954
-2405208.5683295536
-944903.3661294674
-2405208.5683295536
-1460305.202200086
-2405208.5683295536
-2405208.5683295536
-2405208.5683295536
-2147507.6502942443
-2405208.5683295536
-2405208.5683295536
-71700662131.20016
-1803906.4262471653
-2405208.5683295536
-2405208.5683295536
-2405208.5683295536
-85900.30601176976
-2405208.5683295536
-2405208.5683295536
-71700662131.20016
-2405208.5683295536
-2405208.5683295536
-2405208.5683295536
-1374404.8961883164
-2405208.5683295536
-2405208.5683295536
-2405208.5683295536
-1803906.4262471653
-85900.30601176976
-1632105.8142236257
-2405208.5683295536
-2405208.5683295536
-2405208.5683295536
-429501.53005884885
-2405208.5683295536
-2405208.5683295536
-2405208.5683295536
-2405208.5683295536
-2405208.5683295536
-2405208.5683295536
0.0
-2405208.5683295536
-2405208.5683295536
-2405208.5683295536
-2405208.5683295536
-2405208.5683295536
-2405208.5683295536
-515401.8360706186
-2405208.5683295536
-2061607.3442824746
-71700662131.20016
-1546205.508211856
-2405208.5683295536
