-1546205.508211856
-2405208.5683295536
-2405208.5683295536
-773102.7541059279
-1116703.9781530069
-687202.4480941582
-1460305.202200086
-429502.78005884885
-2.0
-2.0
-71698256924.63184
-651802336.1602894
-2193.2663168569165
-1792458068.0155334
-4562616349.6220255
-2193.2663168569165
-156.66187977549407
-71698259115.89815
-156.66187977549407
-2193.2663168569165
-2036.6044370814225
-71698259115.89815
-71698259115.89815
-2193.2663168569165
-71698258568.08157
-71698256924.63184
-2.0
-2.0
-1919.358027249802
-2193.2663168569165
-1254.0450382039526
-2.0
-71698256924.63184
-2.0
-2.0
-2.0
-71698256924.63184
-2.0
-71698256924.63184
-2.0
-2193.2663168569165
-1096.6331584284585
-2193.2663168569165
-71698259115.89815
-313.32375955098814
-71698259115.89815
-71698259115.89815
-2193.2663168569165
-71698259115.89815
-2193.2663168569165
-626.6475191019763
-71698259115.89815
-71698259115.89815
-2193.2663168569165
-71698259115.89815
-2193.2663168569165
-2193.2663168569165
-2193.2663168569165
-823.7248688213439
-2.0
-2.0
-2.0
-2.0
-71698256924.63184
-2.0
-71698256924.63184
-71698256924.63184
-71698256924.63184
-71698256924.63184
-2.0
-71698256924.63184
-2.0
-71698256924.63184
-2.0
-2.0
-71698256924.63184
-2.0
-2.0
-1566.6187977549407
-2193.2663168569165
-71698259115.89815
-2193.2663168569165
-71698259115.89815
-2193.2663168569165
-71698259115.89815
-1879.9425573059286
-71698259115.89815
-2193.2663168569165
-2193.2663168569165
-71698259115.89815
-71698259115.89815
-71698258294.17328
-2.0
-71698256924.63184
-1803906.9262471653
-1460305.202200086
-2405208.5683295536
-343601.2240470791
-2405208.5683295536
-2405208.5683295536
-2405208.5683295536
-2405208.5683295536
-85900.30601176976
-773102.7541059279
-171800.61202353952
-2405208.5683295536
-2405208.5683295536
-2405208.5683295536
-71700662131.20016
-687202.4480941582
-1975707.038270705
-2405208.5683295536
-2405208.5683295536
-859003.0601176977
-343601.2240470791
-2405208.5683295536
-2319308.2623177837
-2405208.5683295536
-2405208.5683295536
-2319308.2623177837
-2405208.5683295536
-2405208.5683295536
-1116703.9781530069
-2405208.5683295536
-2405208.5683295536
-2319308.2623177837
-2405208.5683295536
-2405208.5683295536
-71700662131.20016
-944903.3661294674
-71700662131.20016
-1718006.1202353954
-2405208.5683295536
-2405208.5683295536
-2405208.5683295536
-1288504.5901765465
-2405208.5683295536
-2319308.2623177837
-2405208.5683295536
-71700662131.20016
-2405208.5683295536
-2405208.5683295536
-2405208.5683295536
-2405208.5683295536
-2405208.5683295536
-2405208.5683295536
-2405208.5683295536
-2405208.5683295536
-2405208.5683295536
-2405208.5683295536
-2405208.5683295536
-2319308.2623177837
-2405208.5683295536
-2405208.5683295536
-2147507.6502942443
-85900.30601176976
-2405208.5683295536
-1202604.2841647768
-2405208.5683295536
-2405208.5683295536
-1718006.1202353954
-2405208.5683295536
-2405208.5683295536
-1632105.8142236257
-2405208.5683295536
-944903.3661294674
-85900.30601176976
-71700662131.20016
-1546205.508211856
-85900.30601176976
-2405208.5683295536
-2233407.956306014
-2405208.5683295536
-85900.30601176976
-2405208.5683295536
-2405208.5683295536
-2405208.5683295536
-2405208.5683295536
-71700662131.20016
-2405208.5683295536
-2405208.5683295536
-257700.9180353093
-85900.30601176976
-2405208.5683295536
-1546205.508211856
-2405208.5683295536
-1546205.508211856
-71700662131.20016
-1889806.732258935
-1803906.4262471653
-2405208.5683295536
-2405208.5683295536
-1030803.6721412372
-2405208.5683295536
-2405208.5683295536
-2405208.5683295536
-2405208.5683295536
-1202604.2841647768
-171800.61202353952
-2405208.5683295536
-2405208.5683295536
-944903.3661294674
-2405208.5683295536
-1718006.1202353954
-2405208.5683295536
-2405208.5683295536
-773102.7541059279
-71700662131.20016
-2405208.5683295536
-1632105.8142236257
-2405208.5683295536
-2405208.5683295536
-2405208.5683295536
-2405208.5683295536
-2405208.5683295536
-429501.53005884885
-2405208.5683295536
-2405208.5683295536
-2405208.5683295536
-2405208.5683295536
-429501.53005884885
-1632105.8142236257
-2405208.5683295536
-2405208.5683295536
-429501.53005884885
-687202.4480941582
-1803906.4262471653
-2405208.5683295536
-2405208.5683295536
-1374404.8961883164
-2405208.5683295536
-2405208.5683295536
-2405208.5683295536
-2405208.5683295536
-2405208.5683295536
-2405208.5683295536
-2405208.5683295536
-2319308.2623177837
-2233407.956306014
-1889806.732258935
-2405208.5683295536
-1202604.2841647768
-1202604.2841647768
-2405208.5683295536
-1460305.202200086
-1460305.202200086
0.0
-2405208.5683295536
-2405208.5683295536
-2405208.5683295536
-2405208.5683295536
-2405208.5683295536
-2405208.5683295536
-2405208.5683295536
-2405208.5683295536
-2405208.5683295536
-2405208.5683295536
-2405208.5683295536
-2405208.5683295536
-2405208.5683295536
0.0
-1030803.6721412372
-1374404.8961883164
-2405208.5683295536
-2405208.5683295536
-2405208.5683295536
-2405208.5683295536
-2405208.5683295536
-2405208.5683295536
-1116703.9781530069
-1202604.2841647768
-2405208.5683295536
-2319308.2623177837
-2405208.5683295536
-71700662131.20016
-2405208.5683295536
-2405208.5683295536
-2405208.5683295536
-2319308.2623177837
-1202604.2841647768
-1975707.038270705
-1975707.038270705
-1975707.038270705
-859003.0601176977
-429501.53005884885
-2405208.5683295536
-2405208.5683295536
-2405208.5683295536
-2147507.6502942443
-2405208.5683295536
-2405208.5683295536
-2405208.5683295536
0.0
-2405208.5683295536
-1116703.9781530069
-2319308.2623177837
-2147507.6502942443
-257700.9180353093
-2405208.5683295536
-1030803.6721412372
-2405208.5683295536
-71700662131.20016
-2405208.5683295536
-1030803.6721412372
-2405208.5683295536
-2405208.5683295536
-2405208.5683295536
-2405208.5683295536
-2405208.5683295536
-257700.9180353093
-1288504.5901765465
-2405208.5683295536
-2405208.5683295536
-2405208.5683295536
-71700662131.20016
0.0
-1460305.202200086
-2405208.5683295536
-1803906.4262471653
-859003.0601176977
-2405208.5683295536
-2405208.5683295536
-773102.7541059279
-2405208.5683295536
-2405208.5683295536
-2147507.6502942443
-2405208.5683295536
-2405208.5683295536
-2405208.5683295536
-1889806.732258935
-2405208.5683295536
-2405208.5683295536
-2405208.5683295536
-687202.4480941582
-1975707.038270705
-71700662131.20016
-2061607.3442824746
-2405208.5683295536
-944903.3661294674
-2405208.5683295536
-2405208.5683295536
-859003.0601176977
-2405208.5683295536
-2405208.5683295536
-257700.9180353093
-1374404.8961883164
-1546205.508211856
-773102.7541059279
-944903.3661294674
-515401.8360706186
-2405208.5683295536
-2405208.5683295536
0.0
-1202604.2841647768
-2405208.5683295536
-2405208.5683295536
-2405208.5683295536
-2405208.5683295536
-2405208.5683295536
-2405208.5683295536
-2405208.5683295536
-1374404.8961883164
-2405208.5683295536
-2405208.5683295536
-1718006.1202353954
-2405208.5683295536
-2405208.5683295536
-2405208.5683295536
-2405208.5683295536
-2405208.5683295536
-2405208.5683295536
-2405208.5683295536
-343601.2240470791
-2405208.5683295536
-257700.9180353093
-2405208.5683295536
-515401.8360706186
-71700662131.20016
-2405208.5683295536
-2405208.5683295536
-2405208.5683295536
-2405208.5683295536
-859003.0601176977
-2405208.5683295536
-2405208.5683295536
-601302.1420823884
-944903.3661294674
-2405208.5683295536
-1632105.8142236257
-429501.53005884885
-2405208.5683295536
-2405208.5683295536
-2405208.5683295536
-2405208.5683295536
-2405208.5683295536
-1116703.9781530069
-1116703.9781530069
-2147507.6502942443
-429501.53005884885
-1889806.732258935
-2405208.5683295536
-2405208.5683295536
-2405208.5683295536
-85900.30601176976
-1632105.8142236257
-1975707.038270705
-2405208.5683295536
-2405208.5683295536
-2405208.5683295536
-2405208.5683295536
-429501.53005884885
-601302.1420823884
-2405208.5683295536
-2405208.5683295536
-2319308.2623177837
-2405208.5683295536
-2405208.5683295536
-2405208.5683295536
-2405208.5683295536
-171800.61202353952
-2405208.5683295536
-2405208.5683295536
-429501.53005884885
-2405208.5683295536
-343601.2240470791
0.0
-2405208.5683295536
-1116703.9781530069
-71700662131.20016
-85900.30601176976
-71700662131.20016
0.0
-71700662131.20016
-1975707.038270705
-1374404.8961883164
-1803906.4262471653
-2405208.5683295536
-2405208.5683295536
-71700662131.20016
-2405208.5683295536
-2405208.5683295536
-2405208.5683295536
-171800.61202353952
-2405208.5683295536
-2405208.5683295536
-7169825692.263184
-7169825692.263184
-1629505839.1507235
-7169825692.263184
-2690187889.9538994
-2405208.5683295536
-2405208.5683295536
-944903.3661294674
-2405208.5683295536
-2405208.5683295536
-171800.61202353952
-2405208.5683295536
-2147507.6502942443
-2405208.5683295536
-1803906.4262471653
-601302.1420823884
-2405208.5683295536
-2405208.5683295536
-2405208.5683295536
-1116703.9781530069
-71700662131.20016
-2405208.5683295536
-2405208.5683295536
-2405208.5683295536
-1288504.5901765465
-1632105.8142236257
-2405208.5683295536
-2405208.5683295536
-1460305.202200086
-1116703.9781530069
-2405208.5683295536
-1116703.9781530069
-1718006.1202353954
-2405208.5683295536
-859003.0601176977
-2405208.5683295536
-1718006.1202353954
-1374404.8961883164
-85900.30601176976
-2405208.5683295536
-2405208.5683295536
-2405208.5683295536
-2405208.5683295536
-2405208.5683295536
-2405208.5683295536
-2405208.5683295536
-2405208.5683295536
-1288504.5901765465
-2405208.5683295536
-2405208.5683295536
-1116703.9781530069
-1460305.202200086
-1202604.2841647768
-2405208.5683295536
-2405208.5683295536
-71700662131.20016
-2405208.5683295536
-859003.0601176977
-2405208.5683295536
-1889806.732258935
-1030803.6721412372
-2405208.5683295536
-1374404.8961883164
-1374404.8961883164
-2405208.5683295536
-859003.0601176977
-1632105.8142236257
-2405208.5683295536
-2405208.5683295536
-71700662131.20016
-71700662131.20016
-343601.2240470791
-1889806.732258935
0.0
-2405208.5683295536
-2405208.5683295536
-2405208.5683295536
-1803906.4262471653
-2233407.956306014
-2405208.5683295536
-1460305.202200086
-2405208.5683295536
-85900.30601176976
-2405208.5683295536
-2405208.5683295536
-2405208.5683295536
-1718006.1202353954
-2405208.5683295536
-2405208.5683295536
-429501.53005884885
-1030803.6721412372
-2405208.5683295536
-2405208.5683295536
-773102.7541059279
-2405208.5683295536
-2405208.5683295536
-429501.53005884885
-859003.0601176977
-2405208.5683295536
-2405208.5683295536
-1288504.5901765465
-2405208.5683295536
-2405208.5683295536
-71700662131.20016
-2405208.5683295536
-2405208.5683295536
-2405208.5683295536
-687202.4480941582
-1288504.5901765465
-429501.53005884885
-1975707.038270705
-2405208.5683295536
-2405208.5683295536
-429501.53005884885
-2405208.5683295536
-2405208.5683295536
-2405208.5683295536
-1889806.732258935
-601302.1420823884
-1718006.1202353954
-2405208.5683295536
-1632105.8142236257
-2405208.5683295536
-2405208.5683295536
-2405208.5683295536
-1546205.508211856
-2233407.956306014
-2405208.5683295536
-2405208.5683295536
-1632105.8142236257
-2405208.5683295536
-2405208.5683295536
-2061607.3442824746
-2405208.5683295536
-601302.1420823884
-2405208.5683295536
-1460305.202200086
-2233407.956306014
-1975707.038270705
-2405208.5683295536
-2405208.5683295536
-343601.2240470791
-2405208.5683295536
-429501.53005884885
-1288504.5901765465
-2405208.5683295536
-2405208.5683295536
-71700662131.20016
-429501.53005884885
-687202.4480941582
0.0
-2405208.5683295536
-2405208.5683295536
-2405208.5683295536
-515401.8360706186
-2233407.956306014
-2405208.5683295536
-2405208.5683295536
-773102.7541059279
-1116703.9781530069
-2405208.5683295536
-2405208.5683295536
-2405208.5683295536
-2405208.5683295536
-2405208.5683295536
-2405208.5683295536
-2405208.5683295536
-2405208.5683295536
-2405208.5683295536
-2405208.5683295536
-773102.7541059279
-1889806.732258935
0.0
-2405208.5683295536
-2405208.5683295536
-2405208.5683295536
-429501.53005884885
-2405208.5683295536
-859003.0601176977
-1374404.8961883164
-1718006.1202353954
-2405208.5683295536
-2405208.5683295536
-2405208.5683295536
-2405208.5683295536
-2405208.5683295536
-2405208.5683295536
-687202.4480941582
-2405208.5683295536
-2405208.5683295536
-2405208.5683295536
-2233407.956306014
-71700662131.20016
-2405208.5683295536
-2405208.5683295536
-2405208.5683295536
-2405208.5683295536
-2405208.5683295536
-2405208.5683295536
-1889806.732258935
-2405208.5683295536
-1288504.5901765465
-71700662131.20016
-2405208.5683295536
-1374404.8961883164
-343601.2240470791
-71700662131.20016
-2405208.5683295536
-2405208.5683295536
-2405208.5683295536
-2405208.5683295536
-773102.7541059279
-2405208.5683295536
-773102.7541059279
-71700662131.20016
-2405208.5683295536
-343601.2240470791
-2405208.5683295536
-1460305.202200086
-515401.8360706186
-2405208.5683295536
-343601.2240470791
-2405208.5683295536
-2405208.5683295536
-2405208.5683295536
-2405208.5683295536
-2405208.5683295536
-71700662131.20016
-1374404.8961883164
-2405208.5683295536
-257700.9180353093
-2319308.2623177837
-2405208.5683295536
-2405208.5683295536
-2405208.5683295536
-2233407.956306014
-2405208.5683295536
-2405208.5683295536
-1288504.5901765465
-2405208.5683295536
-2405208.5683295536
-2405208.5683295536
-2405208.5683295536
-2405208.5683295536
-2405208.5683295536
-1889806.732258935
-2233407.956306014
-1202604.2841647768
-2405208.5683295536
-2405208.5683295536
-2319308.2623177837
-2405208.5683295536
-2405208.5683295536
-859003.0601176977
-2147507.6502942443
-1116703.9781530069
-2405208.5683295536
-2405208.5683295536
-2405208.5683295536
-2405208.5683295536
-171800.61202353952
-1546205.508211856
-2405208.5683295536
-2405208.5683295536
-859003.0601176977
-2405208.5683295536
-2405208.5683295536
-429501.53005884885
-2405208.5683295536
-1632105.8142236257
-2405208.5683295536
-1288504.5901765465
-2405208.5683295536
-2405208.5683295536
-2405208.5683295536
-2405208.5683295536
-2405208.5683295536
-2405208.5683295536
-2405208.5683295536
-2405208.5683295536
-2405208.5683295536
-2405208.5683295536
-257700.9180353093
-2405208.5683295536
-343601.2240470791
-773102.7541059279
-1975707.038270705
-944903.3661294674
-2405208.5683295536
-343601.2240470791
-2405208.5683295536
-2405208.5683295536
-2405208.5683295536
-944903.3661294674
-1975707.038270705
-1030803.6721412372
-2405208.5683295536
-2405208.5683295536
-601302.1420823884
-2405208.5683295536
0.0
-1546205.508211856
-2405208.5683295536
-2405208.5683295536
-2405208.5683295536
-1718006.1202353954
-2233407.956306014
-2405208.5683295536
-2405208.5683295536
-1460305.202200086
-2405208.5683295536
-2405208.5683295536
-2405208.5683295536
-85900.30601176976
-2405208.5683295536
-1460305.202200086
-171800.61202353952
-2405208.5683295536
-85900.30601176976
-2405208.5683295536
-2405208.5683295536
-2405208.5683295536
-2405208.5683295536
-2405208.5683295536
-944903.3661294674
-2405208.5683295536
-2405208.5683295536
-2405208.5683295536
-71700662131.20016
-1374404.8961883164
-2405208.5683295536
-2405208.5683295536
-1116703.9781530069
-1116703.9781530069
-2405208.5683295536
-1632105.8142236257
-1374404.8961883164
-2405208.5683295536
-1116703.9781530069
-71700662131.20016
-1975707.038270705
-2405208.5683295536
-1975707.038270705
-1632105.8142236257
-1975707.038270705
-2405208.5683295536
-2405208.5683295536
-1288504.5901765465
-1632105.8142236257
-2405208.5683295536
-1202604.2841647768
-2405208.5683295536
-515403.0860706186
-2.0
-2.0
-2.0
-2.0
-2.0
-2.0
-71698256924.63184
-71698256924.63184
-2.0
-71698256924.63184
-71698256924.63184
-2.0
-71698256924.63184
-71698256924.63184
-2.0
-71698256924.63184
-71698256924.63184
-71698256924.63184
-2.0
-2.0
-71698256924.63184
-71698256924.63184
-71698256924.63184
-71698256924.63184
-2.0
-2.0
-71698256924.63184
-2.0
-2.0
-1803906.9262471653
-773102.7541059279
-343601.2240470791
-2405208.5683295536
-2405208.5683295536
-2405208.5683295536
-1030803.6721412372
-1288504.5901765465
-2405208.5683295536
-1374404.8961883164
-1460305.202200086
-2405208.5683295536
-2405208.5683295536
-773102.7541059279
-1546205.508211856
-257700.9180353093
-1288504.5901765465
-2405208.5683295536
-1030803.6721412372
-2405208.5683295536
-2405208.5683295536
-2405208.5683295536
-1030803.6721412372
-2405208.5683295536
-2405208.5683295536
-2405208.5683295536
-2405208.5683295536
-2405208.5683295536
-2405208.5683295536
-2405208.5683295536
-2405208.5683295536
-2405208.5683295536
-1546205.508211856
-2405208.5683295536
-343601.2240470791
-1632105.8142236257
-2405208.5683295536
-687202.4480941582
-2405208.5683295536
-2147507.6502942443
-2405208.5683295536
-2405208.5683295536
-2405208.5683295536
-2405208.5683295536
-773102.7541059279
-2405208.5683295536
-2405208.5683295536
-2405208.5683295536
-2405208.5683295536
-859003.0601176977
-85900.30601176976
-1718006.1202353954
-71700662131.20016
-71700662131.20016
-2405208.5683295536
-2405208.5683295536
-2405208.5683295536
-2405208.5683295536
-2147507.6502942443
-515401.8360706186
-2405208.5683295536
-515401.8360706186
-2405208.5683295536
-2405208.5683295536
-1374404.8961883164
-944903.3661294674
-1975707.038270705
-71700662131.20016
-2319308.2623177837
-257700.9180353093
-2405208.5683295536
-71700662131.20016
-1632105.8142236257
-1546205.508211856
-2147507.6502942443
-2405208.5683295536
-687202.4480941582
-2405208.5683295536
-2405208.5683295536
-2405208.5683295536
-2061607.3442824746
-1975707.038270705
-2405208.5683295536
-601302.1420823884
-2405208.5683295536
-171800.61202353952
-2061607.3442824746
-2405208.5683295536
-2405208.5683295536
-2405208.5683295536
-71700662131.20016
-2405208.5683295536
-601302.1420823884
-2405208.5683295536
-257700.9180353093
-2405208.5683295536
-2319308.2623177837
-2319308.2623177837
-71700662131.20016
-1546205.508211856
-2405208.5683295536
-1632105.8142236257
-2405208.5683295536
-944903.3661294674
-2405208.5683295536
-2405208.5683295536
-2405208.5683295536
-2405208.5683295536
0.0
-687202.4480941582
-1975707.038270705
-2405208.5683295536
-171800.61202353952
-1288504.5901765465
-2405208.5683295536
-1632105.8142236257
-2405208.5683295536
-257700.9180353093
-2405208.5683295536
-601302.1420823884
-2405208.5683295536
-2405208.5683295536
-2405208.5683295536
-71700662131.20016
-2405208.5683295536
-2405208.5683295536
-2405208.5683295536
-2405208.5683295536
-2405208.5683295536
-2405208.5683295536
-2405208.5683295536
-1116703.9781530069
-773102.7541059279
-2405208.5683295536
-2405208.5683295536
-85900.30601176976
-2405208.5683295536
-2405208.5683295536
-2405208.5683295536
-2405208.5683295536
-1030803.6721412372
-1803906.4262471653
-859003.0601176977
-859003.0601176977
-2405208.5683295536
-343601.2240470791
-343601.2240470791
-2405208.5683295536
-71700662131.20016
-1288504.5901765465
-2405208.5683295536
-2405208.5683295536
-1460305.202200086
-2405208.5683295536
-2405208.5683295536
-2405208.5683295536
-1030803.6721412372
-2405208.5683295536
-2147507.6502942443
-2405208.5683295536
-429501.53005884885
-1546205.508211856
-343601.2240470791
-2405208.5683295536
-71698256924.63184
-2.0
-2.0
-71698256924.63184
-71698256924.63184
-71698256924.63184
-2.0
-2.0
-2.0
-71698256924.63184
-2.0
-2.0
-71698256924.63184
-2.0
-2.0
-2.0
-2.0
-71698256924.63184
-2.0
-2.0
-2.0
-71698256924.63184
-71698256924.63184
-71698256924.63184
-2.0
-2.0
-71698256924.63184
-71698256924.63184
-71698256924.63184
-2.0
-2.0
-2.0
-2.0
-2.0
-71698256924.63184
-2.0
-71698256924.63184
-1097.6331584284585
-2193.2663168569165
-1096.6331584284585
-2193.2663168569165
-2.0
-71698258841.98987
-313.32375955098814
-1253.2950382039526
-2193.2663168569165
-71698259115.89815
-71698259115.89815
-2193.2663168569165
-2193.2663168569165
-71698259115.89815
-2193.2663168569165
-2193.2663168569165
-2036.6044370814225
-1409.9569179794466
-2193.2663168569165
-2193.2663168569165
-1723.2806775304346
-2193.2663168569165
-313.32375955098814
-2193.2663168569165
-2193.2663168569165
-1804454.7428263796
-1460305.202200086
-2405208.5683295536
-257700.9180353093
-1803906.4262471653
-71698259115.89815
-2193.2663168569165
-2193.2663168569165
-2193.2663168569165
-2193.2663168569165
-2193.2663168569165
-71698259115.89815
-71698259115.89815
0.0
-2193.2663168569165
-2193.2663168569165
-2193.2663168569165
-71698259115.89815
-2193.2663168569165
-2193.2663168569165
-2193.2663168569165
-2193.2663168569165
-903324.0045716183
-2405208.5683295536
-2319308.2623177837
-2405208.5683295536
-859003.0601176977
-2405208.5683295536
-515401.8360706186
-2405208.5683295536
-2405208.5683295536
-2405208.5683295536
-2405208.5683295536
-2405208.5683295536
-1632105.8142236257
-71700662131.20016
-2405208.5683295536
-2405208.5683295536
-2405208.5683295536
-601302.1420823884
-2405208.5683295536
-2405208.5683295536
-71700662131.20016
-71700662131.20016
-687202.4480941582
-2405208.5683295536
-2061607.3442824746
-1632105.8142236257
-2405208.5683295536
-2405208.5683295536
-2405208.5683295536
-171800.61202353952
-2405208.5683295536
-2405208.5683295536
-1803906.4262471653
-2405208.5683295536
-2405208.5683295536
-2405208.5683295536
-71698259115.89815
-602947.091820031
-2061607.3442824746
-71700361754.28741
-156.66187977549407
-469.9856393264822
-71698259115.89815
-2193.2663168569165
-71698259115.89815
-2193.2663168569165
-469.9856393264822
-2193.2663168569165
-2193.2663168569165
-1566.6187977549407
-156.66187977549407
-71698259115.89815
-2193.2663168569165
-2036.6044370814225
-2193.2663168569165
-2193.2663168569165
-313.32375955098814
-1409.9569179794466
-2193.2663168569165
-2193.2663168569165
-2193.2663168569165
-2193.2663168569165
-2193.2663168569165
-2193.2663168569165
-2193.2663168569165
-2193.2663168569165
0.0
-2193.2663168569165
-2193.2663168569165
-2193.2663168569165
-71698259115.89815
-2193.2663168569165
-2193.2663168569165
-2193.2663168569165
-626.6475191019763
-2193.2663168569165
-2193.2663168569165
-1804454.7428263796
-171800.61202353952
-2319308.2623177837
-2405208.5683295536
-2405208.5683295536
-1202604.2841647768
-71700662131.20016
-2405208.5683295536
-2405208.5683295536
-1803906.4262471653
-2193.2663168569165
-2193.2663168569165
-71698259115.89815
-1409.9569179794466
-2193.2663168569165
-2193.2663168569165
0.0
-2193.2663168569165
-1253.2950382039526
-1723.2806775304346
-156.66187977549407
-71698259115.89815
-2193.2663168569165
-2193.2663168569165
-2193.2663168569165
-2193.2663168569165
-2193.2663168569165
-2193.2663168569165
-2193.2663168569165
-71698259115.89815
-2193.2663168569165
-1566.6187977549407
-2193.2663168569165
-71698259115.89815
-2193.2663168569165
-2193.2663168569165
-2193.2663168569165
-2193.2663168569165
-2193.2663168569165
-2193.2663168569165
-2193.2663168569165
-2193.2663168569165
-1879.9425573059286
-2193.2663168569165
-2193.2663168569165
-71698259115.89815
-71698259115.89815
-2193.2663168569165
-71698259115.89815
-626.6475191019763
-469.9856393264822
-2193.2663168569165
-2193.2663168569165
-71698259115.89815
-2193.2663168569165
-71698259115.89815
-71698259115.89815
-1409.9569179794466
-156.66187977549407
-71698259115.89815
-2193.2663168569165
-2193.2663168569165
-1096.6331584284585
-2193.2663168569165
-71698259115.89815
-2193.2663168569165
-2193.2663168569165
-2193.2663168569165
-71698259115.89815
-71698259115.89815
-71698259115.89815
-2193.2663168569165
-939.9712786529644
-2193.2663168569165
-2193.2663168569165
-939.9712786529644
-71698259115.89815
-2193.2663168569165
-2193.2663168569165
-2193.2663168569165
-2036.6044370814225
-2193.2663168569165
0.0
-2405208.5683295536
-2405208.5683295536
-2405208.5683295536
-2405208.5683295536
-1975707.038270705
0.0
-1460305.202200086
-2405208.5683295536
-2405208.5683295536
-171800.61202353952
-1116703.9781530069
-2405208.5683295536
-1116703.9781530069
-2405208.5683295536
-257700.9180353093
-2405208.5683295536
-1202604.2841647768
-2405208.5683295536
-2405208.5683295536
-2405208.5683295536
-2405208.5683295536
-2405208.5683295536
-2405208.5683295536
-859003.0601176977
-71700662131.20016
-2233407.956306014
-2405208.5683295536
-2405208.5683295536
-2405208.5683295536
-71700061377.37466
-2193.2663168569165
-2193.2663168569165
-71698259115.89815
-1879.9425573059286
-2193.2663168569165
-1203700.9173232054
-2405208.5683295536
-2233407.956306014
-2405208.5683295536
-859003.0601176977
-2405208.5683295536
-429501.53005884885
-1889806.732258935
-2405208.5683295536
-2405208.5683295536
-2405208.5683295536
-2405208.5683295536
-2405208.5683295536
-2405208.5683295536
-2405208.5683295536
-2405208.5683295536
-429501.53005884885
-1718006.1202353954
-2405208.5683295536
-2405208.5683295536
-2405208.5683295536
-2405208.5683295536
-429501.53005884885
-429501.53005884885
-71700662131.20016
-2233407.956306014
-1803906.4262471653
-2405208.5683295536
-2405208.5683295536
-1546205.508211856
-2405208.5683295536
-2405208.5683295536
-2405208.5683295536
-1546205.508211856
-2405208.5683295536
-1202604.2841647768
-2405208.5683295536
-2405208.5683295536
-2405208.5683295536
-1803906.4262471653
-1374404.8961883164
-2405208.5683295536
-687202.4480941582
-2405208.5683295536
-2319308.2623177837
-2405208.5683295536
-2405208.5683295536
-515401.8360706186
-1975707.038270705
-2405208.5683295536
-2405208.5683295536
-2405208.5683295536
-343601.2240470791
-2405208.5683295536
-1288504.5901765465
-2405208.5683295536
-2405208.5683295536
-2405208.5683295536
-1202604.2841647768
-2147507.6502942443
-1030803.6721412372
-2405208.5683295536
-1718006.1202353954
-2405208.5683295536
-2405208.5683295536
-2405208.5683295536
-1803906.4262471653
-2405208.5683295536
-2405208.5683295536
-1116703.9781530069
-2405208.5683295536
-71700662131.20016
-71700662131.20016
-2405208.5683295536
-2405208.5683295536
-429501.53005884885
-2405208.5683295536
-2405208.5683295536
-2405208.5683295536
-2405208.5683295536
-2405208.5683295536
-1288504.5901765465
-687202.4480941582
-2405208.5683295536
-2405208.5683295536
-2405208.5683295536
-2405208.5683295536
-2405208.5683295536
-85900.30601176976
-2405208.5683295536
-2405208.5683295536
-2405208.5683295536
-2405208.5683295536
-2405208.5683295536
-2405208.5683295536
-2405208.5683295536
-2405208.5683295536
-2405208.5683295536
-2405208.5683295536
-944903.3661294674
-2405208.5683295536
-71700662131.20016
-2405208.5683295536
-2405208.5683295536
-1718006.1202353954
-2405208.5683295536
-2405208.5683295536
-2405208.5683295536
-601302.1420823884
-1030803.6721412372
0.0
-71700662131.20016
-1975707.038270705
-1546205.508211856
-2405208.5683295536
-2405208.5683295536
-859003.0601176977
-1460305.202200086
-2405208.5683295536
-2319308.2623177837
-2405208.5683295536
-171800.61202353952
-2405208.5683295536
-1288504.5901765465
-1202604.2841647768
-2405208.5683295536
-2405208.5683295536
-71700662131.20016
-2319308.2623177837
-1975707.038270705
-2405208.5683295536
-2319308.2623177837
-687202.4480941582
-1288504.5901765465
-71700662131.20016
-2405208.5683295536
-1202604.2841647768
-2405208.5683295536
-2405208.5683295536
-2405208.5683295536
-1632105.8142236257
-2405208.5683295536
-2405208.5683295536
-1632105.8142236257
-2405208.5683295536
-2147507.6502942443
-171800.61202353952
-2405208.5683295536
-2233407.956306014
-1632105.8142236257
-2405208.5683295536
-2405208.5683295536
-2405208.5683295536
-2405208.5683295536
-71700662131.20016
-2405208.5683295536
-2405208.5683295536
-2319308.2623177837
-1889806.732258935
-1889806.732258935
-2405208.5683295536
-2405208.5683295536
-2405208.5683295536
-2405208.5683295536
-2061607.3442824746
-2405208.5683295536
-1202604.2841647768
-429501.53005884885
-2405208.5683295536
-2405208.5683295536
-2405208.5683295536
-2405208.5683295536
-2405208.5683295536
-2405208.5683295536
-1975707.038270705
-2405208.5683295536
-2405208.5683295536
-687202.4480941582
-1803906.4262471653
-1718006.1202353954
-2405208.5683295536
-2319308.2623177837
-2405208.5683295536
-2405208.5683295536
-2405208.5683295536
-944903.3661294674
-2147507.6502942443
-1288504.5901765465
-2405208.5683295536
-429501.53005884885
-2405208.5683295536
-2405208.5683295536
-2405208.5683295536
-773102.7541059279
-1975707.038270705
-2405208.5683295536
-2405208.5683295536
-1116703.9781530069
-944903.3661294674
-2405208.5683295536
-944903.3661294674
-71700662131.20016
-2405208.5683295536
-2405208.5683295536
-71700662131.20016
-2405208.5683295536
-1803906.4262471653
-2405208.5683295536
-515401.8360706186
-2405208.5683295536
-2147507.6502942443
-1718006.1202353954
-2405208.5683295536
-2405208.5683295536
-2405208.5683295536
-2405208.5683295536
-2405208.5683295536
-71700662131.20016
-257700.9180353093
-6273898131.801327
-651802335.6602894
-2405208.5683295536
-2405208.5683295536
-2405208.5683295536
-171800.61202353952
-1803906.4262471653
-2405208.5683295536
-2405208.5683295536
-601302.1420823884
-944903.3661294674
