-7169825694.263184
-2.0
-7169825694.263184
-7169825694.263184
-7169825694.263184
-2.0
-2.0
-896529959.7370974
-7169827885.5295
-1504077.8300747925
-2405208.5683295536
-7169825692.263184
-2405208.5683295536
-2405208.5683295536
-7168794888.5910425
-7169739791.957171
-2405208.5683295536
-1202604.2841647768
-7168966689.203066
-7169310290.427113
-7168880788.897054
-5377970571.33947
-1794260329.4920425
-2405208.5683295536
-7168623087.979018
-2405208.5683295536
-2405208.5683295536
-7169224703.44486
-7169827885.5295
-7169827885.5295
-7170126618.992515
-2.0
-601303.6420823884
-7169825692.263184
-7170126345.084225
-7169825694.263184
-2.0
-2104557.7472883593
-7171629599.189431
-2.0
-2.0
-2.0
-2.0
-2.0
-7169825694.263184
-2.0
-7169825694.263184
-7169825694.263184
-7169825694.263184
-2.0
-2.0
-7169825694.263184
-2.0
-2.0
-7169825694.263184
-2.0
-7169825694.263184
-7169825694.263184
-7169825694.263184
-2.0
-2.0
-7169825694.263184
-2.0
-2.0
-2.0
-7169825694.263184
-7169825694.263184
-1202605.2841647768
-7168708988.28503
-7172230900.831513
-7168708988.28503
-2405208.5683295536
-7168966689.203066
-2405208.5683295536
-2405208.5683295536
-7172230900.831513
-1202605.2841647768
-2.0
-7169825694.263184
-7169825694.263184
-2.0
-7169825694.263184
-7169825694.263184
-2.0
-2.0
-2.0
-7169825694.263184
-2.0
-7168623088.979018
-2405208.5683295536
-2405208.5683295536
-7169138489.815089
-7169825692.263184
-2405208.5683295536
-2405208.5683295536
-2405208.5683295536
-7168880788.897054
-7169310290.427113
-5377970571.33947
-7169825692.263184
-7169825692.263184
-14337246175.958038
-11241185081.571663
-11892987417.231953
-2104557.7472883593
-7168966689.203066
-2405208.5683295536
-2405208.5683295536
-2405208.5683295536
-7169825692.263184
-7169825694.263184
-2.0
-7169825694.263184
-7169825694.263184
-7169825694.263184
-7169825694.263184
-2.0
-2.0
-7169825694.263184
-7170727646.726307
-1803906.9262471653
-1803906.9262471653
-2405208.5683295536
-2405208.5683295536
-7168623087.979018
-2405208.5683295536
-7172230900.831513
-2405208.5683295536
-1503256.105205971
-2.0
-1202605.2841647768
-7172230900.831513
-1803906.9262471653
-2104557.7472883593
-2405208.5683295536
-2405208.5683295536
-7169525041.4421425
-2405208.5683295536
-2405208.5683295536
-2104557.7472883593
-1803906.9262471653
-7171930250.010472
-901954.4631235825
-1503256.105205971
-2104557.7472883593
-2405208.5683295536
-2405208.5683295536
-2104557.7472883593
-7169224390.621101
-7168794889.0910425
-2405208.5683295536
-2405208.5683295536
-2104557.7472883593
-2104557.7472883593
-2104557.7472883593
-7168451287.866995
-2104557.7472883593
-1803906.9262471653
-7169525041.4421425
-1803906.9262471653
-2104557.7472883593
-1803906.9262471653
-2104557.7472883593
-7169224390.621101
-2104557.7472883593
-7168923739.800059
-2104557.7472883593
-1803906.9262471653
-2104557.7472883593
-2104557.7472883593
-1803906.9262471653
-1803906.9262471653
-7168923739.800059
-1803906.9262471653
-7168923739.800059
-7169224390.621101
-1803906.9262471653
-1803906.9262471653
-7169224390.621101
-7172230900.831513
-7168923739.800059
-2405208.5683295536
-2405208.5683295536
-1803906.9262471653
-2104557.7472883593
-2104557.7472883593
-1503256.105205971
-2405208.5683295536
-2405208.5683295536
-2104557.7472883593
-1503256.105205971
-7169224390.621101
-7168923739.800059
-1030804.6721412372
-2104557.7472883593
-2104557.7472883593
-2104557.7472883593
-2104557.7472883593
-1503256.105205971
-1803906.9262471653
-1503256.105205971
-7172230900.831513
-1503256.105205971
-7168623088.979018
-1503256.105205971
-7168623088.979018
-2104557.7472883593
-1202605.2841647768
-7168623088.979018
-1503256.105205971
-7168623088.979018
-7168923739.800059
-2104557.7472883593
-1503256.105205971
-1503256.105205971
-1503256.105205971
-2104557.7472883593
-1803906.9262471653
-1803906.9262471653
-2104557.7472883593
-2405208.5683295536
-601303.6420823884
-1503256.105205971
-2104557.7472883593
-7168322438.157977
-1803906.9262471653
-1803906.9262471653
-1503256.105205971
-1503256.105205971
-2405208.5683295536
-2104557.7472883593
-1202605.2841647768
-1503256.105205971
-1503256.105205971
-1503256.105205971
-1503256.105205971
-1503256.105205971
-1803906.9262471653
-1202605.2841647768
-2104557.7472883593
-7171930250.010472
-1202605.2841647768
-1803906.9262471653
-2104557.7472883593
-1803906.9262471653
-1803906.9262471653
-7168623088.979018
-1503256.105205971
-1803906.9262471653
-2104557.7472883593
-1503256.105205971
-2104557.7472883593
-2104557.7472883593
-7168322438.157977
-7172230900.831513
-1503256.105205971
-1503256.105205971
-1202605.2841647768
-7168623088.979018
-1202605.2841647768
-2405208.5683295536
-1503256.105205971
-1503256.105205971
-1503256.105205971
-1803906.9262471653
-901954.4631235825
-1202605.2841647768
-901954.4631235825
-1503256.105205971
-1503256.105205971
-7171930250.010472
-1503256.105205971
-901954.4631235825
-7168322438.157977
-1803906.9262471653
-1202605.2841647768
-1202605.2841647768
-901954.4631235825
-7171629599.189431
-7168021787.336936
-2405208.5683295536
-1503256.105205971
-1803906.9262471653
-1503256.105205971
-2104557.7472883593
-7172230900.831513
-2104557.7472883593
-7168322438.157977
-2104557.7472883593
-1503256.105205971
-1803906.9262471653
-7171930250.010472
-1803906.9262471653
-7172230900.831513
-7172230900.831513
-1803906.9262471653
-2104557.7472883593
-1202605.2841647768
-2104557.7472883593
-601303.6420823884
-1202605.2841647768
-901954.4631235825
-1803906.9262471653
-7171328948.368389
-1803906.9262471653
-7171930250.010472
-2405208.5683295536
-901954.4631235825
-901954.4631235825
-2104557.7472883593
-1503256.105205971
-1803906.9262471653
-7168021787.336936
-7171930250.010472
-1503256.105205971
-601303.6420823884
-7171930250.010472
-901954.4631235825
-1503256.105205971
-1803906.9262471653
-1803906.9262471653
-7172230900.831513
-601303.6420823884
-901954.4631235825
-1503256.105205971
-601303.6420823884
-1503256.105205971
-1503256.105205971
-1202605.2841647768
-1202605.2841647768
-1503256.105205971
-1503256.105205971
-7171930250.010472
-2104557.7472883593
-1803906.9262471653
-1803906.9262471653
-300652.8210411942
-7172230900.831513
-1503256.105205971
-1202605.2841647768
-1202605.2841647768
-1503256.105205971
-1202605.2841647768
-7168322438.157977
-2104557.7472883593
-1503256.105205971
-2405208.5683295536
-1803906.9262471653
-1202605.2841647768
-1503256.105205971
-901954.4631235825
-7172230900.831513
-1202605.2841647768
-601303.6420823884
-2104557.7472883593
-901954.4631235825
-2104557.7472883593
-2104557.7472883593
-1503256.105205971
-901954.4631235825
-601303.6420823884
-1202605.2841647768
-901954.4631235825
-2405208.5683295536
-1803906.9262471653
-2104557.7472883593
-901954.4631235825
-601303.6420823884
-901954.4631235825
-1803906.9262471653
-7172230900.831513
-7171629599.189431
-7171629599.189431
-2405208.5683295536
-601303.6420823884
-901954.4631235825
-2405208.5683295536
-601303.6420823884
-1803906.9262471653
-1803906.9262471653
-1503256.105205971
-1503256.105205971
-2104557.7472883593
-1202605.2841647768
-2104557.7472883593
-901954.4631235825
-901954.4631235825
-2104557.7472883593
-1803906.9262471653
-601303.6420823884
-1803906.9262471653
-2104557.7472883593
-1503256.105205971
-1503256.105205971
-7171629599.189431
-1803906.9262471653
-901954.4631235825
-1503256.105205971
-2104557.7472883593
-1803906.9262471653
-1503256.105205971
-1503256.105205971
-1202605.2841647768
-7171629599.189431
-901954.4631235825
-601303.6420823884
-1202605.2841647768
-1803906.9262471653
-1202605.2841647768
-7171930250.010472
-1202605.2841647768
-1202605.2841647768
-901954.4631235825
-901954.4631235825
-1803906.9262471653
-1202605.2841647768
-1503256.105205971
-1803906.9262471653
-901954.4631235825
-7171930250.010472
-1503256.105205971
-1503256.105205971
-601303.6420823884
-2104557.7472883593
-1503256.105205971
-1803906.9262471653
-1202605.2841647768
-901954.4631235825
-2104557.7472883593
-1202605.2841647768
-1803906.9262471653
-601303.6420823884
-1202605.2841647768
-1202605.2841647768
-1202605.2841647768
-1803906.9262471653
-7168322438.157977
-1503256.105205971
-901954.4631235825
-2104557.7472883593
-1503256.105205971
-1803906.9262471653
-2104557.7472883593
-7172230900.831513
-1202605.2841647768
-7168322438.157977
-7171930250.010472
-1202605.2841647768
-1503256.105205971
-1503256.105205971
-1503256.105205971
-7168322438.157977
-1503256.105205971
-1803906.9262471653
-1803906.9262471653
-2104557.7472883593
-7168021787.336936
-2104557.7472883593
-1503256.105205971
-601303.6420823884
-1503256.105205971
-7168021787.336936
-7171930250.010472
-2104557.7472883593
-1503256.105205971
-901954.4631235825
-7168322438.157977
-1202605.2841647768
-1202605.2841647768
-7171930250.010472
-1202605.2841647768
-7171930250.010472
-901954.4631235825
-1202605.2841647768
-1503256.105205971
-1202605.2841647768
-1503256.105205971
-1202605.2841647768
-2104557.7472883593
-7168322438.157977
-1803906.9262471653
-1503256.105205971
-7168623088.979018
-1803906.9262471653
-7171629599.189431
-1202605.2841647768
-1202605.2841647768
-1503256.105205971
-7168322438.157977
-7171930250.010472
-1202605.2841647768
-1503256.105205971
-2104557.7472883593
-601303.6420823884
-1803906.9262471653
-1803906.9262471653
-2104557.7472883593
-1503256.105205971
-1503256.105205971
-1202605.2841647768
-2104557.7472883593
-1202605.2841647768
-601303.6420823884
-1202605.2841647768
-2405208.5683295536
-1803906.9262471653
-2104557.7472883593
-901954.4631235825
-2104557.7472883593
-1202605.2841647768
-7168021787.336936
-1202605.2841647768
-7171930250.010472
-901954.4631235825
-1503256.105205971
-1503256.105205971
-1503256.105205971
-7171930250.010472
-1202605.2841647768
-1202605.2841647768
-7168322438.157977
-1202605.2841647768
-1803906.9262471653
-1503256.105205971
-2104557.7472883593
-7171930250.010472
-2104557.7472883593
-2104557.7472883593
-7168021787.336936
-7171629599.189431
-1503256.105205971
-2104557.7472883593
-7171930250.010472
-1503256.105205971
-901954.4631235825
-1202605.2841647768
-1803906.9262471653
-601303.6420823884
-1503256.105205971
-7168021787.336936
-1803906.9262471653
-1803906.9262471653
-1503256.105205971
-1803906.9262471653
-7171930250.010472
-601303.6420823884
-1202605.2841647768
-901954.4631235825
-1503256.105205971
-7168021787.336936
-1803906.9262471653
-1803906.9262471653
-1503256.105205971
-1202605.2841647768
-1503256.105205971
-901954.4631235825
-1503256.105205971
-7171930250.010472
-601303.6420823884
-2104557.7472883593
-901954.4631235825
-901954.4631235825
-2104557.7472883593
-1803906.9262471653
-1202605.2841647768
-7171930250.010472
-901954.4631235825
-1503256.105205971
-901954.4631235825
-7168021787.336936
-1503256.105205971
-2405208.5683295536
-1503256.105205971
-7168021787.336936
-1803906.9262471653
-901954.4631235825
-7172230900.831513
-1503256.105205971
-1503256.105205971
-1803906.9262471653
-901954.4631235825
-7171930250.010472
-1202605.2841647768
-1202605.2841647768
-1202605.2841647768
-1503256.105205971
-901954.4631235825
-1503256.105205971
-7168322438.157977
-1202605.2841647768
-1803906.9262471653
-1503256.105205971
-1202605.2841647768
-1503256.105205971
-2104557.7472883593
-2104557.7472883593
-1503256.105205971
-1503256.105205971
-7172230900.831513
-1202605.2841647768
-1202605.2841647768
-1202605.2841647768
-1503256.105205971
-1503256.105205971
-2104557.7472883593
-1503256.105205971
-1503256.105205971
-901954.4631235825
-1202605.2841647768
-1803906.9262471653
-1202605.2841647768
-2104557.7472883593
-1503256.105205971
-1803906.9262471653
-1503256.105205971
-1803906.9262471653
-1202605.2841647768
-901954.4631235825
-1803906.9262471653
-2405208.5683295536
-1803906.9262471653
-2104557.7472883593
-7171930250.010472
-1503256.105205971
-1503256.105205971
-1803906.9262471653
-1803906.9262471653
-2104557.7472883593
-2104557.7472883593
-7168021787.336936
-901954.4631235825
-901954.4631235825
-2104557.7472883593
-1503256.105205971
-901954.4631235825
-1202605.2841647768
-2104557.7472883593
-1202605.2841647768
-1503256.105205971
-7171930250.010472
-1503256.105205971
-1503256.105205971
-1202605.2841647768
-7168322438.157977
-2104557.7472883593
-1803906.9262471653
-7172230900.831513
-2104557.7472883593
-1503256.105205971
-901954.4631235825
-2104557.7472883593
-7168623088.979018
-2104557.7472883593
-1803906.9262471653
-1202605.2841647768
-1202605.2841647768
-1503256.105205971
-1803906.9262471653
-1202605.2841647768
-1503256.105205971
-7168322438.157977
-1202605.2841647768
-7171930250.010472
-901954.4631235825
-2104557.7472883593
-2104557.7472883593
-1503256.105205971
-901954.4631235825
-901954.4631235825
-601303.6420823884
-1503256.105205971
-2104557.7472883593
-1803906.9262471653
-1803906.9262471653
-7171930250.010472
-1503256.105205971
-1803906.9262471653
-1803906.9262471653
-1202605.2841647768
-2104557.7472883593
-1803906.9262471653
-2104557.7472883593
-1503256.105205971
-1803906.9262471653
-1803906.9262471653
-901954.4631235825
-2104557.7472883593
-7171930250.010472
-1202605.2841647768
-1503256.105205971
-901954.4631235825
-7171930250.010472
-1202605.2841647768
-1202605.2841647768
-2104557.7472883593
-1202605.2841647768
-1202605.2841647768
-901954.4631235825
-7171930250.010472
-1202605.2841647768
-1202605.2841647768
-901954.4631235825
-7171930250.010472
-7171930250.010472
-1202605.2841647768
-1503256.105205971
-1202605.2841647768
-1202605.2841647768
-7168322438.157977
-1202605.2841647768
-2104557.7472883593
-901954.4631235825
-1202605.2841647768
-1202605.2841647768
-901954.4631235825
-1202605.2841647768
-1503256.105205971
-7171629599.189431
-1503256.105205971
-7168322438.157977
-1503256.105205971
-901954.4631235825
-1202605.2841647768
-901954.4631235825
-2104557.7472883593
-2104557.7472883593
-7171930250.010472
-1202605.2841647768
-1503256.105205971
-7172230900.831513
-1202605.2841647768
-1803906.9262471653
-901954.4631235825
-901954.4631235825
-1202605.2841647768
-1202605.2841647768
-7171930250.010472
-7171930250.010472
-1202605.2841647768
-1503256.105205971
-1503256.105205971
-1803906.9262471653
-901954.4631235825
-2104557.7472883593
-1803906.9262471653
-1803906.9262471653
-901954.4631235825
-1202605.2841647768
-1503256.105205971
-1202605.2841647768
-1803906.9262471653
-7168322438.157977
-901954.4631235825
-1503256.105205971
-901954.4631235825
-1202605.2841647768
-7171930250.010472
-901954.4631235825
-601303.6420823884
-1503256.105205971
-1503256.105205971
-1202605.2841647768
-1202605.2841647768
-1202605.2841647768
-1803906.9262471653
-1202605.2841647768
-1803906.9262471653
-901954.4631235825
-1803906.9262471653
-901954.4631235825
-2104557.7472883593
-1202605.2841647768
-1202605.2841647768
-1803906.9262471653
-1503256.105205971
-1803906.9262471653
-1202605.2841647768
-901954.4631235825
-901954.4631235825
-1803906.9262471653
-1503256.105205971
-7168021787.336936
-901954.4631235825
-1202605.2841647768
-1202605.2841647768
-1503256.105205971
-7171629599.189431
-7171930250.010472
-901954.4631235825
-901954.4631235825
-901954.4631235825
-901954.4631235825
-901954.4631235825
-7168322438.157977
-1503256.105205971
-7168322438.157977
-1803906.9262471653
-7168623088.979018
-1803906.9262471653
-2104557.7472883593
-1503256.105205971
-1803906.9262471653
-7171629599.189431
-1803906.9262471653
-1803906.9262471653
-1503256.105205971
-1202605.2841647768
-1803906.9262471653
-2104557.7472883593
-1202605.2841647768
-1803906.9262471653
-2104557.7472883593
-901954.4631235825
-1803906.9262471653
-1503256.105205971
-1503256.105205971
-1503256.105205971
-7168322438.157977
-901954.4631235825
-901954.4631235825
-2104557.7472883593
-1803906.9262471653
-2104557.7472883593
-1202605.2841647768
-1803906.9262471653
-1803906.9262471653
-2104557.7472883593
-7168322438.157977
-2104557.7472883593
-1202605.2841647768
-901954.4631235825
-1202605.2841647768
-1202605.2841647768
-901954.4631235825
-7168021787.336936
-601303.6420823884
-1803906.9262471653
-7171930250.010472
-2104557.7472883593
-901954.4631235825
-7168322438.157977
-1202605.2841647768
-901954.4631235825
-7171930250.010472
-901954.4631235825
-1202605.2841647768
-1803906.9262471653
-1503256.105205971
-2104557.7472883593
-1503256.105205971
-7171930250.010472
-901954.4631235825
-1803906.9262471653
-1202605.2841647768
-2104557.7472883593
-1503256.105205971
-901954.4631235825
-1202605.2841647768
-1202605.2841647768
-1503256.105205971
-2104557.7472883593
-2104557.7472883593
-7168623088.979018
-1803906.9262471653
-1202605.2841647768
-1803906.9262471653
-7171930250.010472
-1803906.9262471653
-7171930250.010472
-7171930250.010472
-7171930250.010472
-901954.4631235825
-7171930250.010472
-1202605.2841647768
-901954.4631235825
-1803906.9262471653
-1503256.105205971
-901954.4631235825
-1503256.105205971
-1803906.9262471653
-1803906.9262471653
-7171930250.010472
-1803906.9262471653
-1202605.2841647768
-1503256.105205971
-7171930250.010472
-1503256.105205971
-7168623088.979018
-7171930250.010472
-1202605.2841647768
-2104557.7472883593
-1503256.105205971
-2104557.7472883593
-1803906.9262471653
-901954.4631235825
-7171629599.189431
-1503256.105205971
-7171930523.918761
-902228.3714131897
-1804180.8345367725
-1503530.0134955782
-7171930523.918761
-7171629873.09772
-1202879.192454384
-601851.4586616026
-601851.4586616026
-1503530.0134955782
-902502.2797027968
-902502.2797027968
-1804180.8345367725
-902228.3714131897
-902228.3714131897
-1503530.0134955782
-7168322985.974557
-1804180.8345367725
-902502.2797027968
-902502.2797027968
-1503530.0134955782
-1804180.8345367725
-7168022335.153516
-1203153.100743991
-7168322985.974557
-7168323259.882846
-1203153.100743991
-1503803.9217851853
-7168323259.882846
-2104831.6555779665
-2104831.6555779665
-602125.3669512097
-1203153.100743991
-602125.3669512097
-7171930523.918761
-7167851082.358071
-902776.187992404
-902776.187992404
-7168022882.970095
-902776.187992404
-1804180.8345367725
-1503803.9217851853
-902776.187992404
-1804180.8345367725
-1804180.8345367725
-1503803.9217851853
-602125.3669512097
-1503530.0134955782
-301474.5459100155
-1503530.0134955782
-601851.4586616026
-902502.2797027968
-1503530.0134955782
-7171930523.918761
-7167721958.240764
-7167721958.240764
-1804180.8345367725
-1804180.8345367725
-7168022609.061805
-1503530.0134955782
-1503530.0134955782
-602125.3669512097
-601851.4586616026
-601851.4586616026
-1503530.0134955782
-7171930523.918761
-1503530.0134955782
-301474.5459100155
-7171629873.09772
-1503530.0134955782
-1804180.8345367725
-1202879.192454384
-2104831.6555779665
-1202879.192454384
-1503530.0134955782
-601851.4586616026
-301200.63762040844
-1804180.8345367725
-7171930523.918761
-601851.4586616026
-1503530.0134955782
-549.8165792142293
-7171629873.09772
-301200.63762040844
-549.8165792142293
-1202879.192454384
-1804180.8345367725
-1503530.0134955782
-1503530.0134955782
-549.8165792142293
-301200.63762040844
-7167721684.332474
-7171930523.918761
-1202879.192454384
-7171629873.09772
-1804180.8345367725
-601851.4586616026
-601851.4586616026
-2104831.6555779665
-301200.63762040844
-601851.4586616026
-601851.4586616026
-1503530.0134955782
-823.7248688213439
-549.8165792142293
-7171930523.918761
-1503530.0134955782
-301200.63762040844
-7171930523.918761
-549.8165792142293
-1503530.0134955782
-902502.2797027968
-7171930523.918761
-1804180.8345367725
-1203153.100743991
-301200.63762040844
-7171629873.09772
-549.8165792142293
-1503530.0134955782
-1503530.0134955782
-1202879.192454384
-301200.63762040844
-7171930523.918761
-301200.63762040844
-1804180.8345367725
-902502.2797027968
-301200.63762040844
-301200.63762040844
-7167721684.332474
-301200.63762040844
-1202879.192454384
-601851.4586616026
-1202879.192454384
-2104831.6555779665
-7171930523.918761
-301200.63762040844
-2104831.6555779665
-601851.4586616026
-1202879.192454384
-902502.2797027968
-1202879.192454384
-7171329222.276679
-301200.63762040844
-902502.2797027968
-301200.63762040844
-1202879.192454384
-301200.63762040844
-601851.4586616026
-1503530.0134955782
-1503530.0134955782
-2104831.6555779665
-300926.7293308013
-2104831.6555779665
-1804180.8345367725
-601577.5503719954
-275.9082896071146
-1503530.0134955782
-1202879.192454384
-549.8165792142293
-301200.63762040844
-549.8165792142293
-1503530.0134955782
-549.8165792142293
-1202879.192454384
-7171930523.918761
-300926.7293308013
-1202879.192454384
-1202879.192454384
-1804180.8345367725
-275.9082896071146
-300926.7293308013
-1503530.0134955782
-1202879.192454384
-1804180.8345367725
-1202879.192454384
-2104831.6555779665
-601577.5503719954
-1202879.192454384
-1804180.8345367725
-601851.4586616026
-7171329222.276679
-7171930250.010472
-549.8165792142293
-1503530.0134955782
-902228.3714131897
-549.8165792142293
-1202879.192454384
-1804180.8345367725
-601851.4586616026
-1202879.192454384
-7171629873.09772
-549.8165792142293
-7171930523.918761
-7167721684.332474
-549.8165792142293
-1804180.8345367725
-902502.2797027968
-1503530.0134955782
-549.8165792142293
-1202879.192454384
-301200.63762040844
-1804180.8345367725
-1804180.8345367725
-902228.3714131897
-902228.3714131897
-902228.3714131897
-549.8165792142293
-601851.4586616026
-7171629873.09772
-601851.4586616026
-549.8165792142293
-601851.4586616026
-7171329222.276679
-902502.2797027968
-601851.4586616026
-549.8165792142293
-1503530.0134955782
-7171930523.918761
-7171629873.09772
-1202879.192454384
-902502.2797027968
-7167421033.511433
-549.8165792142293
-1202879.192454384
-1503530.0134955782
-301200.63762040844
-301200.63762040844
-1202879.192454384
-301200.63762040844
-1202879.192454384
-1503530.0134955782
-301200.63762040844
-902502.2797027968
-823.7248688213439
-1203153.100743991
-1503530.0134955782
-823.7248688213439
-7167421307.419723
-7167721958.240764
-7171329222.276679
-301200.63762040844
-601851.4586616026
-902502.2797027968
-902228.3714131897
-7171930523.918761
-1503530.0134955782
-549.8165792142293
-601851.4586616026
-823.7248688213439
-2104831.6555779665
-1203153.100743991
-1202879.192454384
-601851.4586616026
-1202879.192454384
-1804180.8345367725
-902502.2797027968
-301200.63762040844
-2104831.6555779665
-1202879.192454384
-1503530.0134955782
-7171930523.918761
-1202879.192454384
-301200.63762040844
-7171930523.918761
-902502.2797027968
-301200.63762040844
-1804180.8345367725
-1202879.192454384
-1202879.192454384
-1503530.0134955782
-601851.4586616026
-601851.4586616026
-1202879.192454384
-601851.4586616026
-7171629873.09772
-7171629873.09772
-601851.4586616026
-1804180.8345367725
-1202879.192454384
-1804180.8345367725
-301200.63762040844
-7171930523.918761
-7171329222.276679
-601851.4586616026
-549.8165792142293
-601851.4586616026
-902502.2797027968
-7171629873.09772
-601577.5503719954
-1202879.192454384
-1202879.192454384
-301200.63762040844
-549.8165792142293
-1202879.192454384
-7171629873.09772
-301200.63762040844
-549.8165792142293
-1202879.192454384
-1202879.192454384
-902228.3714131897
-902228.3714131897
-601851.4586616026
-549.8165792142293
-1202879.192454384
-301200.63762040844
-301200.63762040844
-549.8165792142293
-902502.2797027968
-549.8165792142293
-1503530.0134955782
-7171329222.276679
-549.8165792142293
-1503530.0134955782
-1804180.8345367725
-902502.2797027968
-601851.4586616026
-1804180.8345367725
-601851.4586616026
-7171930523.918761
-2104831.6555779665
-601851.4586616026
-301200.63762040844
-1503530.0134955782
-601851.4586616026
-601851.4586616026
-1203153.100743991
-601851.4586616026
-823.7248688213439
-301200.63762040844
-601851.4586616026
-1804180.8345367725
-601851.4586616026
-902502.2797027968
-823.7248688213439
-7167421307.419723
-7171629873.09772
-7171629873.09772
-902502.2797027968
-1503530.0134955782
-1203153.100743991
-823.7248688213439
-301200.63762040844
-902502.2797027968
-823.7248688213439
-301474.5459100155
-601851.4586616026
-7171930523.918761
-902502.2797027968
-902502.2797027968
-902502.2797027968
-1203153.100743991
-902502.2797027968
-823.7248688213439
-1203153.100743991
-7171028845.363928
-1203153.100743991
-301474.5459100155
-1503530.0134955782
-7167421581.328012
-602125.3669512097
-823.7248688213439
-301474.5459100155
-2104831.6555779665
-1804180.8345367725
-301474.5459100155
-602125.3669512097
-7171629873.09772
-1097.6331584284585
-1503530.0134955782
-902502.2797027968
-1804180.8345367725
-1097.6331584284585
-2104831.6555779665
-902502.2797027968
-1203153.100743991
-1203153.100743991
-1097.6331584284585
-1503803.9217851853
-602125.3669512097
-1203153.100743991
-1804180.8345367725
-1203153.100743991
-301474.5459100155
-1804180.8345367725
-602125.3669512097
-1804180.8345367725
-1203153.100743991
-7171629873.09772
-902502.2797027968
-823.7248688213439
-1203153.100743991
-902502.2797027968
-1203153.100743991
-2104831.6555779665
-602125.3669512097
-7167421307.419723
-601851.4586616026
-1203153.100743991
-601851.4586616026
-823.7248688213439
-1804180.8345367725
-601851.4586616026
-823.7248688213439
-7171329222.276679
-301474.5459100155
-902502.2797027968
-1503530.0134955782
-902502.2797027968
-7171028845.363928
-823.7248688213439
-1203153.100743991
-7171629873.09772
-1203153.100743991
-1804180.8345367725
-902502.2797027968
-7171329222.276679
-301200.63762040844
-1203153.100743991
-301200.63762040844
-7167721684.332474
-1202879.192454384
-1503256.105205971
-7171629873.09772
-901954.4631235825
-7171328948.368389
-300652.8210411942
-7171930250.010472
-1503256.105205971
-1202605.2841647768
-901954.4631235825
-2104557.7472883593
-1202879.192454384
-301200.63762040844
-601851.4586616026
-1503530.0134955782
-601851.4586616026
-7171629873.09772
-7167421033.511433
-902502.2797027968
-1503530.0134955782
-2104831.6555779665
-1804180.8345367725
-549.8165792142293
-601851.4586616026
-1503530.0134955782
-2104831.6555779665
-1503530.0134955782
-2104831.6555779665
-902502.2797027968
-549.8165792142293
-601851.4586616026
-1503530.0134955782
-7171629873.09772
-1203153.100743991
-301200.63762040844
-301200.63762040844
-1202879.192454384
-601851.4586616026
-301200.63762040844
-1804180.8345367725
-1503530.0134955782
-1203153.100743991
-823.7248688213439
-601851.4586616026
-1203153.100743991
-1804180.8345367725
-902502.2797027968
-902502.2797027968
-7167421307.419723
-7171930523.918761
-1203153.100743991
-301200.63762040844
-8067858084.380618
-1804180.8345367725
-7171629873.09772
-7171028845.363928
-601851.4586616026
-301474.5459100155
-301474.5459100155
-1503803.9217851853
-7171930523.918761
-7167421307.419723
-7171629873.09772
-902502.2797027968
-902502.2797027968
-902502.2797027968
-1503530.0134955782
-823.7248688213439
-902502.2797027968
-601851.4586616026
-902502.2797027968
-1203153.100743991
-823.7248688213439
-823.7248688213439
-7171629873.09772
-7171629873.09772
-301474.5459100155
-823.7248688213439
-301474.5459100155
-1203153.100743991
-823.7248688213439
-902502.2797027968
-602125.3669512097
-1793959678.6710014
-602125.3669512097
-2104831.6555779665
-902502.2797027968
-1097.6331584284585
-902502.2797027968
-8067858084.380618
-8067557433.559577
-1804180.8345367725
-1804180.8345367725
-301474.5459100155
-1203153.100743991
-8067858084.380618
-1203153.100743991
-1793959952.5792916
-902502.2797027968
-7171629873.09772
-301474.5459100155
-7171329496.184969
-902502.2797027968
-823.7248688213439
-1804180.8345367725
-7171930523.918761
-602125.3669512097
-823.7248688213439
-7171329222.276679
-8067557433.559577
-7167421307.419723
-902502.2797027968
-1203153.100743991
-7171930523.918761
-902502.2797027968
-7171930523.918761
-897731741.2963935
-2104831.6555779665
-823.7248688213439
-823.7248688213439
-301474.5459100155
-902502.2797027968
-1203153.100743991
-1503803.9217851853
-2104831.6555779665
-301474.5459100155
-7171930523.918761
-1097.6331584284585
-1503803.9217851853
-602125.3669512097
-301474.5459100155
-1503803.9217851853
-1804180.8345367725
-1503803.9217851853
-1804180.8345367725
-301474.5459100155
-898032392.1174349
-1203153.100743991
-902502.2797027968
-1503803.9217851853
-1793659301.7582502
-902776.187992404
-1804180.8345367725
-301474.5459100155
-1804180.8345367725
-1503803.9217851853
-1793659301.7582502
-1503803.9217851853
-2104831.6555779665
-7171930523.918761
-1804180.8345367725
-301748.4541996227
-301748.4541996227
-1503803.9217851853
-602125.3669512097
-1503803.9217851853
-902776.187992404
-7171028845.363928
-7171629873.09772
-301748.4541996227
-902502.2797027968
-301474.5459100155
-2689887239.1328583
-301474.5459100155
-301474.5459100155
-1097.6331584284585
-301474.5459100155
-8963484994.021435
-7171930523.918761
-902502.2797027968
-7167421581.328012
-602125.3669512097
-602125.3669512097
-1503803.9217851853
-301474.5459100155
-1203153.100743991
-902502.2797027968
-897731741.2963935
-1097.6331584284585
-301474.5459100155
-897731741.2963936
-902776.187992404
-1097.6331584284585
