-5377669920.518429
-4481441983.14382
-5377369269.697388
-1955407007.4808683
-6273597754.888575
-1711281782.4293008
-6273597480.980286
-1792757075.386837
-71699158877.09496
-71698257198.54013
-896229035.0077666
-896830884.4664282
-2193.2663168569165
-302570.17906844383
-783.5593988774704
-896530233.6453869
-1792457794.107244
-651802335.9102894
-72594486779.36447
-1096.6331584284585
-163251783.55269277
-302296.27077883674
-1723.2806775304346
-1723.2806775304346
-1645.4497376426875
-896229229.8351163
-71698258841.98987
-71698559492.8109
-2193.2663168569165
-302570.17906844395
-71698258568.08157
-1919.358027249802
-71698259115.89815
-1919.358027249802
-896530507.5536766
-1919.358027249802
-896229582.824346
-2.0
-2.0
-72594485135.91473
-275.9082896071146
-896528864.1039392
-2.0
-71698256924.63184
-275.9082896071146
-2.0
-300926.7293308013
-2.0
-2.0
-71698256924.63184
-2.0
-71698256924.63184
-896228213.282898
-73490713347.19763
-71698256924.63184
-896529333.0895784
-2193.2663168569165
-313.32375955098814
-602947.091820031
-302296.2707788368
-1919.358027249802
-1566.8687977549407
-2193.2663168569165
-2193.2663168569165
-71698259115.89815
-1566.6187977549407
-2193.2663168569165
-2193.2663168569165
-2193.2663168569165
-2193.2663168569165
-2193.2663168569165
-71698259115.89815
-2193.2663168569165
-2193.2663168569165
-194646.47997451757
-2193.2663168569165
-1723.2806775304346
-2193.2663168569165
-2193.2663168569165
-2193.2663168569165
-2193.2663168569165
-896230130.640925
-71698259115.89815
-2193.2663168569165
-1096.6331584284585
-2193.2663168569165
-2193.2663168569165
-2193.2663168569165
-2193.2663168569165
-2193.2663168569165
-939.9712786529644
-2193.2663168569165
-939.9712786529644
-2193.2663168569165
-2193.2663168569165
-2193.2663168569165
-71698259115.89815
-2193.2663168569165
-2193.2663168569165
-2193.2663168569165
-71698259115.89815
-2193.2663168569165
-156.66187977549407
-71698259115.89815
-896230130.6409249
-2036.6044370814225
-687202.4480941582
-1889806.732258935
-2405208.5683295536
-71700662131.20016
-2405208.5683295536
-2405208.5683295536
-2405208.5683295536
-2405208.5683295536
-2405208.5683295536
-2405208.5683295536
-2405208.5683295536
-2405208.5683295536
-859003.0601176977
-2405208.5683295536
-2405208.5683295536
-2405208.5683295536
-898332769.0301864
-773102.7541059279
-2405208.5683295536
-2405208.5683295536
-1116703.9781530069
-1460305.202200086
-2405208.5683295536
-2405208.5683295536
-2405208.5683295536
-1116703.9781530069
-2405208.5683295536
-71700662131.20016
-2405208.5683295536
-2233407.956306014
-773102.7541059279
-1718006.1202353954
-2405208.5683295536
-2405208.5683295536
-2405208.5683295536
-2405208.5683295536
-2405208.5683295536
-1288504.5901765465
-2405208.5683295536
-2405208.5683295536
-1116703.9781530069
-2405208.5683295536
-2405208.5683295536
-429501.53005884885
-2405208.5683295536
-1889806.732258935
-2405208.5683295536
-687202.4480941582
-2061607.3442824746
-1803906.4262471653
-859003.0601176977
-1632105.8142236257
-1803906.4262471653
-2405208.5683295536
-2405208.5683295536
-773102.7541059279
-2405208.5683295536
-2405208.5683295536
-1288504.5901765465
-2405208.5683295536
-1889806.732258935
-2405208.5683295536
-2405208.5683295536
-2405208.5683295536
-1030803.6721412372
-2405208.5683295536
-2405208.5683295536
-1030803.6721412372
-2319308.2623177837
-773102.7541059279
-2405208.5683295536
-2405208.5683295536
-2405208.5683295536
-1975707.038270705
-2405208.5683295536
-2405208.5683295536
-2405208.5683295536
-2233407.956306014
-2405208.5683295536
-2405208.5683295536
-2405208.5683295536
-2405208.5683295536
-2405208.5683295536
-1374404.8961883164
-2405208.5683295536
-71700662131.20016
-2405208.5683295536
-2405208.5683295536
-2405208.5683295536
-2405208.5683295536
-2405208.5683295536
-2405208.5683295536
-2405208.5683295536
-2319308.2623177837
-2405208.5683295536
-2405208.5683295536
-2405208.5683295536
-2405208.5683295536
-2405208.5683295536
-601302.1420823884
-1546205.508211856
-859003.0601176977
-1116703.9781530069
-2405208.5683295536
-1030803.6721412372
-2405208.5683295536
-1889806.732258935
-2405208.5683295536
-2405208.5683295536
-2405208.5683295536
-71700662131.20016
-2405208.5683295536
-1803906.4262471653
-1975707.038270705
-71700662131.20016
-1975707.038270705
-2405208.5683295536
-85900.30601176976
-2405208.5683295536
-2405208.5683295536
-2405208.5683295536
-71700662131.20016
-1803906.4262471653
-2405208.5683295536
-1202604.2841647768
-2405208.5683295536
-2061607.3442824746
-687202.4480941582
-2405208.5683295536
-2405208.5683295536
-2405208.5683295536
-2405208.5683295536
0.0
-1374404.8961883164
-2405208.5683295536
-2405208.5683295536
-1202604.2841647768
-2319308.2623177837
-2319308.2623177837
-2405208.5683295536
-2405208.5683295536
-1975707.038270705
-1632105.8142236257
-2405208.5683295536
-2405208.5683295536
-1632105.8142236257
-2405208.5683295536
-2405208.5683295536
-2405208.5683295536
-2319308.2623177837
-2405208.5683295536
-2405208.5683295536
-1632105.8142236257
-2405208.5683295536
-2405208.5683295536
-2405208.5683295536
-171800.61202353952
-2405208.5683295536
-2405208.5683295536
-1889806.732258935
-2319308.2623177837
-2405208.5683295536
-2233407.956306014
-2405208.5683295536
-2405208.5683295536
-773102.7541059279
-2405208.5683295536
-2405208.5683295536
-2405208.5683295536
-257700.9180353093
-2405208.5683295536
-2405208.5683295536
-2405208.5683295536
-257700.9180353093
-343601.2240470791
-2405208.5683295536
-2405208.5683295536
-1288504.5901765465
-2405208.5683295536
-2405208.5683295536
-2405208.5683295536
-2405208.5683295536
-1718006.1202353954
-2405208.5683295536
-343601.2240470791
-1889806.732258935
-2405208.5683295536
-2405208.5683295536
-773102.7541059279
-71700662131.20016
-2405208.5683295536
-1030803.6721412372
-71700662131.20016
-2405208.5683295536
-343601.2240470791
-773102.7541059279
-1718006.1202353954
-2405208.5683295536
-2405208.5683295536
0.0
-2405208.5683295536
-601302.1420823884
-2405208.5683295536
-85900.30601176976
-2405208.5683295536
-1632105.8142236257
-2405208.5683295536
-2405208.5683295536
0.0
-944903.3661294674
-171800.61202353952
-71700662131.20016
-71700662131.20016
-2405208.5683295536
-2405208.5683295536
-429501.53005884885
-1116703.9781530069
-1546205.508211856
-2405208.5683295536
-2405208.5683295536
-2061607.3442824746
0.0
-859003.0601176977
-2405208.5683295536
-687202.4480941582
-2405208.5683295536
-2405208.5683295536
-2405208.5683295536
-1288504.5901765465
-1975707.038270705
-2405208.5683295536
-2405208.5683295536
-2405208.5683295536
-85900.30601176976
-71700662131.20016
-2405208.5683295536
-2405208.5683295536
-2405208.5683295536
-2405208.5683295536
-2405208.5683295536
-2405208.5683295536
-1803906.4262471653
-2405208.5683295536
-2061607.3442824746
-1632105.8142236257
-2405208.5683295536
-343601.2240470791
-2405208.5683295536
-2319308.2623177837
-2405208.5683295536
-2405208.5683295536
-71700662131.20016
-2147507.6502942443
-2405208.5683295536
-1803906.4262471653
-2405208.5683295536
-2405208.5683295536
-2405208.5683295536
-2405208.5683295536
-2147507.6502942443
-944903.3661294674
-2405208.5683295536
-2319308.2623177837
-1803906.4262471653
-2405208.5683295536
-2319308.2623177837
-1288504.5901765465
-2405208.5683295536
-2405208.5683295536
-2405208.5683295536
-2405208.5683295536
-2405208.5683295536
-601302.1420823884
-2147507.6502942443
-2405208.5683295536
-2405208.5683295536
-171800.61202353952
-2405208.5683295536
-1374404.8961883164
-601302.1420823884
-2405208.5683295536
-429501.53005884885
-2405208.5683295536
-2147507.6502942443
0.0
-2405208.5683295536
-2405208.5683295536
-1116703.9781530069
-2405208.5683295536
-2233407.956306014
-2405208.5683295536
-1546205.508211856
-2147507.6502942443
-1889806.732258935
-2405208.5683295536
-2405208.5683295536
-1975707.038270705
-2405208.5683295536
-2405208.5683295536
-2405208.5683295536
-1632105.8142236257
-859003.0601176977
-601302.1420823884
-2405208.5683295536
-773102.7541059279
-1116703.9781530069
-2405208.5683295536
-2405208.5683295536
-944903.3661294674
-2405208.5683295536
-2405208.5683295536
-1718006.1202353954
-1632105.8142236257
-2405208.5683295536
-1803906.4262471653
-1116703.9781530069
-71700662131.20016
-1374404.8961883164
-2405208.5683295536
-2405208.5683295536
-2405208.5683295536
-773102.7541059279
-2405208.5683295536
-2405208.5683295536
0.0
-2405208.5683295536
-2405208.5683295536
-2405208.5683295536
-1975707.038270705
-2405208.5683295536
-2405208.5683295536
-2405208.5683295536
-2405208.5683295536
-2405208.5683295536
-1975707.038270705
-2405208.5683295536
-2405208.5683295536
-944903.3661294674
-429501.53005884885
-773102.7541059279
-2405208.5683295536
-2405208.5683295536
-2405208.5683295536
-85900.30601176976
-2405208.5683295536
-2405208.5683295536
-1889806.732258935
-2405208.5683295536
-71700662131.20016
-2405208.5683295536
-1889806.732258935
-2319308.2623177837
-2.0
-2.0
-2.0
-71698256924.63184
-71698256924.63184
-2.0
-2.0
-71698256924.63184
-2.0
-2.0
-71698256924.63184
-2.0
-2.0
-2.0
-2405208.5683295536
-85900.30601176976
-2405208.5683295536
-1460305.202200086
-1546205.508211856
-1889806.732258935
-1460305.202200086
-2405208.5683295536
-515401.8360706186
-71698858226.27393
-687202.9480941582
-1718006.1202353954
-171800.61202353952
-2405208.5683295536
-2233407.956306014
-2319308.2623177837
-2405208.5683295536
-2405208.5683295536
-2405208.5683295536
-71700662131.20016
-2405208.5683295536
-1632105.8142236257
-1202605.2841647768
-2.0
-2.0
-2.0
-2.0
-71698256924.63184
-2.0
-2.0
-71698256924.63184
-71698256924.63184
-2.0
-71698256924.63184
-71698256924.63184
-71698256924.63184
-2.0
-71698256924.63184
-2.0
-2.0
-2.0
-71698256924.63184
-2.0
-71698256924.63184
-2.0
-2.0
-71698256924.63184
-71698256924.63184
-2.0
-2.0
-2.0
-2.0
-2.0
-71698256924.63184
-2.0
-71698256924.63184
-2.0
-2.0
-2.0
-2.0
-71698256924.63184
-2.0
-2.0
-2.0
-2.0
-2.0
-2.0
-1288505.3401765465
-2405208.5683295536
-1546205.508211856
-2405208.5683295536
-773102.7541059279
-2405208.5683295536
-2405208.5683295536
-2405208.5683295536
-2405208.5683295536
-2405208.5683295536
-2405208.5683295536
-2405208.5683295536
-2405208.5683295536
-1546205.508211856
-2405208.5683295536
-2405208.5683295536
-2405208.5683295536
-944903.3661294674
-2405208.5683295536
-2405208.5683295536
-2405208.5683295536
-1202604.2841647768
-2405208.5683295536
-2405208.5683295536
-2405208.5683295536
-859003.0601176977
-2233407.956306014
-2405208.5683295536
-1116703.9781530069
-85900.30601176976
-85900.30601176976
-2405208.5683295536
-2405208.5683295536
-2405208.5683295536
-2405208.5683295536
-2405208.5683295536
-2061607.3442824746
-2405208.5683295536
-2405208.5683295536
-2405208.5683295536
-2405208.5683295536
-2405208.5683295536
-2405208.5683295536
-1202604.2841647768
-859003.0601176977
-1632105.8142236257
-2405208.5683295536
-1889806.732258935
-2405208.5683295536
-2405208.5683295536
-1030803.6721412372
-2405208.5683295536
-2405208.5683295536
-1202604.2841647768
-71700662131.20016
-1632105.8142236257
-257700.9180353093
-2405208.5683295536
-2405208.5683295536
-2405208.5683295536
-2405208.5683295536
0.0
-1460305.202200086
-2405208.5683295536
-773102.7541059279
-601302.1420823884
-2405208.5683295536
-257700.9180353093
-85900.30601176976
-2405208.5683295536
-1202604.2841647768
-1374404.8961883164
-2061607.3442824746
-687202.4480941582
-515401.8360706186
-2405208.5683295536
-2405208.5683295536
-515401.8360706186
-2405208.5683295536
-1803906.4262471653
-85900.30601176976
-1116703.9781530069
-2405208.5683295536
-2405208.5683295536
-71700662131.20016
-1202604.2841647768
-2405208.5683295536
-1460305.202200086
-1374404.8961883164
-1889806.732258935
-2405208.5683295536
-1202604.2841647768
-1374404.8961883164
-2319308.2623177837
-2405208.5683295536
-2405208.5683295536
-2405208.5683295536
-2405208.5683295536
-2405208.5683295536
-2147507.6502942443
-2405208.5683295536
-2405208.5683295536
-2405208.5683295536
-2405208.5683295536
-2405208.5683295536
-601302.1420823884
-2405208.5683295536
-601302.1420823884
-2319308.2623177837
-2319308.2623177837
-2405208.5683295536
-71700662131.20016
-2405208.5683295536
-1975707.038270705
-2405208.5683295536
-1546205.508211856
-1374404.8961883164
-2405208.5683295536
-2405208.5683295536
-2405208.5683295536
-85900.30601176976
-2405208.5683295536
0.0
-773102.7541059279
-85900.30601176976
-2405208.5683295536
-2405208.5683295536
-2233407.956306014
-2319308.2623177837
-2405208.5683295536
-2405208.5683295536
0.0
-1803906.4262471653
-2405208.5683295536
-2405208.5683295536
-2405208.5683295536
-2405208.5683295536
-687202.4480941582
-1116703.9781530069
-429501.53005884885
-2405208.5683295536
0.0
-601302.1420823884
-1975707.038270705
-2405208.5683295536
-2405208.5683295536
-2405208.5683295536
-1975707.038270705
-71700662131.20016
-2405208.5683295536
-601302.1420823884
-2405208.5683295536
-257700.9180353093
-1889806.732258935
-2061607.3442824746
-2405208.5683295536
-2405208.5683295536
-2405208.5683295536
-2405208.5683295536
-2405208.5683295536
-171800.61202353952
-2405208.5683295536
-2405208.5683295536
-2405208.5683295536
-2405208.5683295536
-2405208.5683295536
-2405208.5683295536
-1632105.8142236257
-515401.8360706186
-2405208.5683295536
-1632105.8142236257
-2405208.5683295536
-2405208.5683295536
-773102.7541059279
-2405208.5683295536
-2405208.5683295536
-2405208.5683295536
-1803906.4262471653
-601302.1420823884
-257700.9180353093
-2405208.5683295536
-343601.2240470791
-2405208.5683295536
-2405208.5683295536
-2405208.5683295536
-71700662131.20016
-1889806.732258935
-1030803.6721412372
-2405208.5683295536
-1546205.508211856
-2405208.5683295536
-2061607.3442824746
-171800.61202353952
-944903.3661294674
-2405208.5683295536
-2405208.5683295536
-1030803.6721412372
-1030803.6721412372
-2405208.5683295536
-1889806.732258935
-2405208.5683295536
-2405208.5683295536
-1718006.1202353954
-2405208.5683295536
-2405208.5683295536
-1632105.8142236257
-2405208.5683295536
-1116703.9781530069
-429501.53005884885
-2405208.5683295536
-2405208.5683295536
-601302.1420823884
-2405208.5683295536
-2405208.5683295536
-2405208.5683295536
-944903.3661294674
-2405208.5683295536
-2405208.5683295536
-2405208.5683295536
-2405208.5683295536
-1632105.8142236257
-1889806.732258935
-2405208.5683295536
-1889806.732258935
-859003.0601176977
-2061607.3442824746
-2405208.5683295536
-601302.1420823884
-85900.30601176976
-343601.2240470791
-687202.4480941582
-2405208.5683295536
-2405208.5683295536
-171800.61202353952
-2405208.5683295536
-2405208.5683295536
-2405208.5683295536
-2405208.5683295536
-2405208.5683295536
-2405208.5683295536
-1202604.2841647768
-2405208.5683295536
-2405208.5683295536
-2405208.5683295536
-2405208.5683295536
-2405208.5683295536
-1632105.8142236257
-2405208.5683295536
-1546205.508211856
-2405208.5683295536
-2405208.5683295536
-1374404.8961883164
-515401.8360706186
-2405208.5683295536
-2405208.5683295536
-71700662131.20016
-1889806.732258935
-1975707.038270705
-2147507.6502942443
-1889806.732258935
-2405208.5683295536
-429501.53005884885
-2405208.5683295536
-2405208.5683295536
-2405208.5683295536
-2405208.5683295536
-2405208.5683295536
-2405208.5683295536
-2405208.5683295536
-2405208.5683295536
-1546205.508211856
-257700.9180353093
-2405208.5683295536
-1460305.202200086
-2405208.5683295536
-71700662131.20016
-2405208.5683295536
-2405208.5683295536
-1803906.4262471653
-2405208.5683295536
-1718006.1202353954
-1975707.038270705
-2405208.5683295536
-71700662131.20016
-2405208.5683295536
-257700.9180353093
-1546205.508211856
-1718006.1202353954
-1889806.732258935
-71700662131.20016
-2405208.5683295536
-2405208.5683295536
-1288504.5901765465
-2405208.5683295536
-2405208.5683295536
-2405208.5683295536
-515401.8360706186
-2405208.5683295536
-2061607.3442824746
-2147507.6502942443
-2405208.5683295536
-2405208.5683295536
-1632105.8142236257
-2405208.5683295536
-1202604.2841647768
-2405208.5683295536
-2405208.5683295536
-2405208.5683295536
-1460305.202200086
-2193.2663168569165
-2193.2663168569165
-2193.2663168569165
-71698259115.89815
-2193.2663168569165
-2193.2663168569165
-2193.2663168569165
-2193.2663168569165
-2193.2663168569165
-156.66187977549407
-2193.2663168569165
-2193.2663168569165
-2193.2663168569165
-71698259115.89815
-626.6475191019763
-2193.2663168569165
-71698259115.89815
-71698259115.89815
-71698259115.89815
-2193.2663168569165
-2193.2663168569165
-156.66187977549407
-2193.2663168569165
-2193.2663168569165
-2193.2663168569165
-2193.2663168569165
-2193.2663168569165
-2193.2663168569165
-2193.2663168569165
-2193.2663168569165
-2193.2663168569165
-2193.2663168569165
-71698259115.89815
-2193.2663168569165
-2193.2663168569165
-71698259115.89815
-2193.2663168569165
-2193.2663168569165
-626.6475191019763
-2193.2663168569165
-2193.2663168569165
-939.9712786529644
-2193.2663168569165
-939.9712786529644
-1096.6331584284585
-2193.2663168569165
-2193.2663168569165
-2193.2663168569165
-2193.2663168569165
-2193.2663168569165
-71698259115.89815
-783.3093988774704
-71698259115.89815
-2193.2663168569165
-2193.2663168569165
-2193.2663168569165
-2193.2663168569165
-2193.2663168569165
-2193.2663168569165
-2193.2663168569165
-2193.2663168569165
-2036.6044370814225
-1566.6187977549407
-71698259115.89815
-302570.179068444
-1804454.7428263796
-71698259115.89815
-2193.2663168569165
-2193.2663168569165
-71698259115.89815
-2193.2663168569165
-2193.2663168569165
-71698259115.89815
-71698259115.89815
-71698259115.89815
-2193.2663168569165
-2193.2663168569165
-2193.2663168569165
-2193.2663168569165
-302570.179068444
-1632105.8142236257
-257700.9180353093
-257700.9180353093
-2405208.5683295536
-859003.0601176977
-2405208.5683295536
0.0
-2405208.5683295536
-2405208.5683295536
-1632105.8142236257
-2405208.5683295536
-2405208.5683295536
-2104831.6555779665
-71700662131.20016
-515401.8360706186
-2405208.5683295536
-602947.0918200313
-783.3093988774704
-2193.2663168569165
-2193.2663168569165
-71698259115.89815
-783.3093988774704
-2405208.5683295536
-2405208.5683295536
-71700662131.20016
-85900.30601176976
-1718006.1202353954
-2405208.5683295536
-2405208.5683295536
-2405208.5683295536
-2405208.5683295536
-1803906.4262471653
-601302.1420823884
-1803906.4262471653
-1116703.9781530069
-1889806.732258935
-2405208.5683295536
-2405208.5683295536
-2405208.5683295536
-2405208.5683295536
-2405208.5683295536
-859003.0601176977
-71700662131.20016
-2405208.5683295536
-2405208.5683295536
-2405208.5683295536
-1975707.038270705
-2405208.5683295536
-2405208.5683295536
-2405208.5683295536
-1889806.732258935
-2147507.6502942443
-71700662131.20016
-2405208.5683295536
-2405208.5683295536
-2405208.5683295536
-2405208.5683295536
-2405208.5683295536
-2405208.5683295536
-2405208.5683295536
-2405208.5683295536
-2405208.5683295536
-2405208.5683295536
-1889806.732258935
-2405208.5683295536
-2061607.3442824746
-859003.0601176977
-2405208.5683295536
-2405208.5683295536
-2405208.5683295536
-343601.2240470791
-2405208.5683295536
-2405208.5683295536
-687202.4480941582
-2405208.5683295536
-2405208.5683295536
-687202.4480941582
-515401.8360706186
-2405208.5683295536
-2405208.5683295536
-2405208.5683295536
-1889806.732258935
-2405208.5683295536
-1288504.5901765465
-2405208.5683295536
-2405208.5683295536
-2405208.5683295536
-2405208.5683295536
-515401.8360706186
-1288504.5901765465
-2405208.5683295536
-2061607.3442824746
-1116703.9781530069
-2405208.5683295536
-71700662131.20016
-2405208.5683295536
-2405208.5683295536
-343601.2240470791
-2405208.5683295536
-2405208.5683295536
-2405208.5683295536
-2405208.5683295536
-2405208.5683295536
-773102.7541059279
-2147507.6502942443
-2405208.5683295536
-71700662131.20016
-2405208.5683295536
-71700662131.20016
-1803906.4262471653
-2319308.2623177837
-773102.7541059279
-2405208.5683295536
-1804454.7428263796
-2405208.5683295536
-2405208.5683295536
-2405208.5683295536
-1503647.0099054098
-2193.2663168569165
-939.9712786529644
-2193.2663168569165
-1566.6187977549407
-2193.2663168569165
-71698259115.89815
-2193.2663168569165
-2036.6044370814225
-2193.2663168569165
-2193.2663168569165
-313.32375955098814
-2193.2663168569165
-2193.2663168569165
-2193.2663168569165
-71698259115.89815
-71698259115.89815
-2193.2663168569165
-71698259115.89815
-2193.2663168569165
-2193.2663168569165
-2036.6044370814225
-2193.2663168569165
-939.9712786529644
-1504077.8300747925
-2405208.5683295536
-2405208.5683295536
0.0
-2405208.5683295536
-1632105.8142236257
-2405208.5683295536
-2405208.5683295536
-2405208.5683295536
-2405208.5683295536
-2405208.5683295536
-85900.30601176976
-1202604.2841647768
-71700662131.20016
-429501.53005884885
-2405208.5683295536
-1202604.2841647768
-257700.9180353093
-71698259115.89815
-71700361754.28741
-1202604.2841647768
-2104831.6555779665
-2405208.5683295536
-2405208.5683295536
-171800.61202353952
-2405208.5683295536
-2405208.5683295536
-71700662131.20016
-2104831.6555779665
-1116703.9781530069
-2405208.5683295536
-2193.2663168569165
-2193.2663168569165
-71698859869.72366
-2405208.5683295536
-2405208.5683295536
-601302.1420823884
-1504077.8300747925
-2405208.5683295536
-2405208.5683295536
-1288504.5901765465
-429501.53005884885
-2405208.5683295536
-2405208.5683295536
-1718006.1202353954
-2405208.5683295536
-2405208.5683295536
-1203700.9173232054
-2193.2663168569165
-2193.2663168569165
-2193.2663168569165
-2193.2663168569165
-2193.2663168569165
-2193.2663168569165
-2193.2663168569165
-71698259115.89815
-2193.2663168569165
-2193.2663168569165
-2193.2663168569165
-71698259115.89815
0.0
-469.9856393264822
-71698259115.89815
-2193.2663168569165
-2104831.6555779665
-2405208.5683295536
-1718006.1202353954
-1804454.7428263796
-2233407.956306014
-944903.3661294674
-2405208.5683295536
-2405208.5683295536
-2405208.5683295536
-2405208.5683295536
-2319308.2623177837
-2405208.5683295536
-2147507.6502942443
-85900.30601176976
-71700662131.20016
-2405208.5683295536
-2405208.5683295536
-2405208.5683295536
-2405208.5683295536
-2405208.5683295536
-1030803.6721412372
-2405208.5683295536
-71700662131.20016
-2405208.5683295536
-1460305.202200086
-2405208.5683295536
-2405208.5683295536
-1718006.1202353954
-2405208.5683295536
-2405208.5683295536
-71700662131.20016
-2405208.5683295536
-2405208.5683295536
-2405208.5683295536
-2405208.5683295536
-2405208.5683295536
-2405208.5683295536
-2405208.5683295536
-2233407.956306014
-2405208.5683295536
-2405208.5683295536
-1889806.732258935
-2405208.5683295536
-171800.61202353952
-71700662131.20016
-2405208.5683295536
-2405208.5683295536
-85900.30601176976
-2405208.5683295536
-2405208.5683295536
-2405208.5683295536
-2405208.5683295536
-1030803.6721412372
-2405208.5683295536
-2405208.5683295536
-2405208.5683295536
-1718006.1202353954
-2405208.5683295536
-2405208.5683295536
-2405208.5683295536
-2405208.5683295536
-2405208.5683295536
-2405208.5683295536
-85900.30601176976
-2405208.5683295536
-1460305.202200086
-2405208.5683295536
-1803906.4262471653
-2405208.5683295536
-2405208.5683295536
-1975707.038270705
-2405208.5683295536
-2405208.5683295536
-2405208.5683295536
-2405208.5683295536
-71700662131.20016
-1288504.5901765465
-2405208.5683295536
-1030803.6721412372
-1288504.5901765465
-257700.9180353093
-2405208.5683295536
-2405208.5683295536
-2233407.956306014
-773102.7541059279
-71700662131.20016
0.0
-2405208.5683295536
-2405208.5683295536
-2319308.2623177837
-2405208.5683295536
-2405208.5683295536
-2405208.5683295536
-2405208.5683295536
-2405208.5683295536
-2405208.5683295536
-2405208.5683295536
-2405208.5683295536
-601302.1420823884
-2405208.5683295536
-2405208.5683295536
-1202604.2841647768
-85900.30601176976
-2405208.5683295536
-2405208.5683295536
-2319308.2623177837
-71700662131.20016
-2233407.956306014
-2405208.5683295536
-1718006.1202353954
-2405208.5683295536
-2405208.5683295536
-1975707.038270705
-2405208.5683295536
-2405208.5683295536
-2405208.5683295536
-2405208.5683295536
-1374404.8961883164
-2319308.2623177837
-2405208.5683295536
-2405208.5683295536
-2405208.5683295536
-1546205.508211856
-2405208.5683295536
-171800.61202353952
-2405208.5683295536
-773102.7541059279
-859003.0601176977
-2405208.5683295536
-343601.2240470791
-2405208.5683295536
-2405208.5683295536
-687202.4480941582
-2405208.5683295536
-1803906.4262471653
-1546205.508211856
-1889806.732258935
-2405208.5683295536
-2405208.5683295536
-71700662131.20016
-2405208.5683295536
-859003.0601176977
-2405208.5683295536
-2405208.5683295536
-71700662131.20016
-257700.9180353093
-2405208.5683295536
-171800.61202353952
-85900.30601176976
-2405208.5683295536
-2405208.5683295536
-2405208.5683295536
-2405208.5683295536
-71700662131.20016
-1460305.202200086
-1803906.4262471653
-944903.3661294674
-1803906.4262471653
-2405208.5683295536
-2405208.5683295536
0.0
-1718006.1202353954
-71700662131.20016
-2147507.6502942443
-2405208.5683295536
-2061607.3442824746
-2405208.5683295536
-1718006.1202353954
-2405208.5683295536
0.0
-2405208.5683295536
-859003.0601176977
-2405208.5683295536
-2405208.5683295536
-2405208.5683295536
-2405208.5683295536
-2405208.5683295536
-859003.0601176977
-2405208.5683295536
-2405208.5683295536
-71700662131.20016
-2405208.5683295536
-515401.8360706186
-1718006.1202353954
-773102.7541059279
-429501.53005884885
-1030803.6721412372
-2405208.5683295536
-2405208.5683295536
-2405208.5683295536
-1460305.202200086
-2405208.5683295536
-2405208.5683295536
-2405208.5683295536
-2405208.5683295536
-2405208.5683295536
-2405208.5683295536
-1632105.8142236257
-71700662131.20016
-2405208.5683295536
-2405208.5683295536
-2405208.5683295536
-2405208.5683295536
-2405208.5683295536
-2405208.5683295536
-2147507.6502942443
-859003.0601176977
-2405208.5683295536
-2405208.5683295536
-1202604.2841647768
-1202604.2841647768
-2405208.5683295536
-2405208.5683295536
-2405208.5683295536
-2061607.3442824746
-2405208.5683295536
-1460305.202200086
-2405208.5683295536
-515401.8360706186
-2405208.5683295536
-85900.30601176976
-601302.1420823884
-944903.3661294674
-71700662131.20016
-2405208.5683295536
-2405208.5683295536
-429501.53005884885
-2405208.5683295536
-2405208.5683295536
-343601.2240470791
-1460305.202200086
-1288504.5901765465
-601302.1420823884
-2405208.5683295536
-1374404.8961883164
-1288504.5901765465
-2405208.5683295536
0.0
-2405208.5683295536
-2405208.5683295536
-171800.61202353952
-85900.30601176976
-2405208.5683295536
-2405208.5683295536
-2405208.5683295536
-687202.4480941582
-2405208.5683295536
-773102.7541059279
-71700662131.20016
-2405208.5683295536
-2405208.5683295536
-2405208.5683295536
-2405208.5683295536
0.0
-2405208.5683295536
0.0
-2405208.5683295536
-1975707.038270705
-859003.0601176977
-2405208.5683295536
-2405208.5683295536
-2405208.5683295536
-1975707.038270705
-2405208.5683295536
0.0
-2405208.5683295536
-2405208.5683295536
-1374404.8961883164
-2405208.5683295536
-1030803.6721412372
-2405208.5683295536
-2405208.5683295536
-2405208.5683295536
-2405208.5683295536
0.0
-2405208.5683295536
-2233407.956306014
-2405208.5683295536
-2405208.5683295536
-1202604.2841647768
-71700662131.20016
-2405208.5683295536
-2405208.5683295536
-71700662131.20016
-429501.53005884885
-2405208.5683295536
-687202.4480941582
-2405208.5683295536
-2405208.5683295536
-1288504.5901765465
-944903.3661294674
-2405208.5683295536
-2405208.5683295536
-687202.4480941582
-2405208.5683295536
-2405208.5683295536
-1975707.038270705
-2405208.5683295536
-1718006.1202353954
-2405208.5683295536
-71700662131.20016
-2405208.5683295536
-2405208.5683295536
-2405208.5683295536
-2405208.5683295536
-2405208.5683295536
-2405208.5683295536
-2104557.7472883593
-2.0
-2.0
-71698256924.63184
-2.0
-2.0
-2.0
-2.0
-2.0
-71698256924.63184
-71698256924.63184
-71698256924.63184
-71698256924.63184
-2.0
-71698256924.63184
-2.0
-2.0
-71698256924.63184
-2.0
-2.0
-71698256924.63184
-71698256924.63184
-71698256924.63184
-71698256924.63184
-2.0
-2.0
-71698256924.63184
-2.0
-2.0
-71698256924.63184
-1803906.9262471653
-1030803.6721412372
-2405208.5683295536
-2405208.5683295536
-1030803.6721412372
-2405208.5683295536
-1632105.8142236257
-1889806.732258935
-2405208.5683295536
-2405208.5683295536
-2405208.5683295536
-2405208.5683295536
-2405208.5683295536
-2405208.5683295536
-2147507.6502942443
-602947.0918200313
-2193.2663168569165
-71698559492.8109
-2405208.5683295536
-1202604.2841647768
-1804454.7428263796
-1203700.9173232054
-903324.0045716183
-2193.2663168569165
-2193.2663168569165
-2193.2663168569165
-2193.2663168569165
-2193.2663168569165
-2193.2663168569165
-2193.2663168569165
