0.0
-944903.3661294674
-1288504.5901765465
-2405208.5683295536
-2405208.5683295536
-2405208.5683295536
-2405208.5683295536
-1793058547.9327471
-71698257472.44841
-783.3093988774704
-2193.2663168569165
-71698259115.89815
-2193.2663168569165
-2405208.5683295536
-2405208.5683295536
-2405208.5683295536
-2405208.5683295536
-2405208.5683295536
-2405208.5683295536
-2405208.5683295536
-171800.61202353952
-71700662131.20016
-2405208.5683295536
-2405208.5683295536
-2405208.5683295536
-171800.61202353952
-2405208.5683295536
-2147507.6502942443
-71700662131.20016
-2061607.3442824746
-2405208.5683295536
-1116703.9781530069
-515401.8360706186
-2405208.5683295536
-1116703.9781530069
-1116703.9781530069
-944903.3661294674
-1718006.1202353954
-343601.2240470791
-2405208.5683295536
-2405208.5683295536
-71700662131.20016
-2405208.5683295536
-2405208.5683295536
-2405208.5683295536
-601302.1420823884
-773102.7541059279
-2405208.5683295536
-1202604.2841647768
-2405208.5683295536
-1460305.202200086
-429501.53005884885
-1546205.508211856
-1030803.6721412372
-171800.61202353952
-2405208.5683295536
-71700662131.20016
-2405208.5683295536
-515401.8360706186
-2405208.5683295536
-2405208.5683295536
-1889806.732258935
-2061607.3442824746
-2405208.5683295536
-2405208.5683295536
-2405208.5683295536
-1718006.1202353954
-1546205.508211856
-2405208.5683295536
-2405208.5683295536
-2405208.5683295536
-2405208.5683295536
-1374404.8961883164
-71700662131.20016
-2405208.5683295536
-2405208.5683295536
-2405208.5683295536
-1116703.9781530069
-1030803.6721412372
-601302.1420823884
-2405208.5683295536
-2405208.5683295536
-1202604.2841647768
-2405208.5683295536
-2405208.5683295536
-2405208.5683295536
-1116703.9781530069
-2405208.5683295536
-2405208.5683295536
-2405208.5683295536
-2405208.5683295536
-773102.7541059279
-257700.9180353093
-2405208.5683295536
-2405208.5683295536
-2405208.5683295536
-2405208.5683295536
-773102.7541059279
-171800.61202353952
-2405208.5683295536
-2405208.5683295536
-2405208.5683295536
-2405208.5683295536
-2405208.5683295536
-85900.30601176976
-2405208.5683295536
-2405208.5683295536
-2405208.5683295536
-2405208.5683295536
-2405208.5683295536
-2405208.5683295536
-343601.2240470791
-2405208.5683295536
-2405208.5683295536
-2405208.5683295536
-2405208.5683295536
-2405208.5683295536
-601302.1420823884
-2405208.5683295536
-2405208.5683295536
-2319308.2623177837
-1718006.1202353954
-2405208.5683295536
-1116703.9781530069
-171800.61202353952
-2405208.5683295536
-2405208.5683295536
-1460305.202200086
-2061607.3442824746
-2405208.5683295536
-2405208.5683295536
-1460305.202200086
-2405208.5683295536
-2405208.5683295536
-1632105.8142236257
-2405208.5683295536
-687202.4480941582
-2405208.5683295536
-2405208.5683295536
-2405208.5683295536
0.0
-2405208.5683295536
-2405208.5683295536
-2405208.5683295536
-773102.7541059279
-2405208.5683295536
0.0
-1202604.2841647768
-2405208.5683295536
-1889806.732258935
-2405208.5683295536
-944903.3661294674
-2405208.5683295536
-2405208.5683295536
-601302.1420823884
-2405208.5683295536
-2405208.5683295536
-2405208.5683295536
-2405208.5683295536
-859003.0601176977
-1460305.202200086
-1460305.202200086
-2405208.5683295536
-343601.2240470791
-71700662131.20016
-2405208.5683295536
-71700662131.20016
-1116703.9781530069
-1803906.4262471653
-2405208.5683295536
-2405208.5683295536
-2405208.5683295536
-2405208.5683295536
-2405208.5683295536
-2405208.5683295536
-773102.7541059279
-1460305.202200086
-2405208.5683295536
-1202604.2841647768
-1546205.508211856
-429501.53005884885
-2405208.5683295536
-2405208.5683295536
-2405208.5683295536
-2405208.5683295536
-2405208.5683295536
-2405208.5683295536
-2405208.5683295536
-2405208.5683295536
-2405208.5683295536
-1116703.9781530069
-2233407.956306014
-2405208.5683295536
-71700662131.20016
-2405208.5683295536
-2405208.5683295536
-2405208.5683295536
-2061607.3442824746
-515401.8360706186
-2405208.5683295536
-2405208.5683295536
-2405208.5683295536
-257700.9180353093
-2061607.3442824746
-257700.9180353093
-2405208.5683295536
-1288504.5901765465
-429501.53005884885
-2061607.3442824746
-944903.3661294674
-1803906.4262471653
-2405208.5683295536
-2405208.5683295536
-85900.30601176976
-1718006.1202353954
-2405208.5683295536
-71700662131.20016
-2405208.5683295536
-2405208.5683295536
-2405208.5683295536
-429501.53005884885
-2405208.5683295536
-1374404.8961883164
-944903.3661294674
-71700662131.20016
-2405208.5683295536
-343601.2240470791
-2405208.5683295536
-2405208.5683295536
-1116703.9781530069
-2233407.956306014
-2405208.5683295536
-2405208.5683295536
-2405208.5683295536
-2061607.3442824746
-2405208.5683295536
-2405208.5683295536
-2405208.5683295536
-1288504.5901765465
-2405208.5683295536
-2405208.5683295536
-1889806.732258935
-1803906.4262471653
-1546205.508211856
-2405208.5683295536
-1718006.1202353954
-171800.61202353952
-2405208.5683295536
-687202.4480941582
-1718006.1202353954
-2147507.6502942443
-343601.2240470791
-2405208.5683295536
-1460305.202200086
-2405208.5683295536
-2405208.5683295536
-2405208.5683295536
-2405208.5683295536
-2405208.5683295536
-2405208.5683295536
-2405208.5683295536
-2405208.5683295536
-343601.2240470791
-2405208.5683295536
-2405208.5683295536
-171800.61202353952
-343601.2240470791
-2405208.5683295536
-773102.7541059279
-2405208.5683295536
-2405208.5683295536
-257700.9180353093
-2319308.2623177837
-171800.61202353952
-171800.61202353952
0.0
-601302.1420823884
-2405208.5683295536
-1030803.6721412372
-1632105.8142236257
-171800.61202353952
-171800.61202353952
-2405208.5683295536
-1460305.202200086
-343601.2240470791
-2405208.5683295536
-2405208.5683295536
-2405208.5683295536
-2405208.5683295536
-1374404.8961883164
-2405208.5683295536
-71700662131.20016
-2405208.5683295536
-773102.7541059279
-2405208.5683295536
-2405208.5683295536
-2405208.5683295536
-2405208.5683295536
-429501.53005884885
-859003.0601176977
-1803906.4262471653
-2405208.5683295536
-2405208.5683295536
-2147507.6502942443
-2405208.5683295536
-859003.0601176977
-2405208.5683295536
-2405208.5683295536
-1546205.508211856
-2061607.3442824746
-343601.2240470791
-515401.8360706186
-2405208.5683295536
-71700662131.20016
-2405208.5683295536
-2405208.5683295536
-859003.0601176977
-2405208.5683295536
-2405208.5683295536
-2405208.5683295536
-2405208.5683295536
-2405208.5683295536
-2233407.956306014
-2405208.5683295536
-687202.4480941582
-71700662131.20016
-2405208.5683295536
-2405208.5683295536
-2405208.5683295536
-2405208.5683295536
-1803906.4262471653
-773102.7541059279
-2405208.5683295536
-944903.3661294674
-1202604.2841647768
-2405208.5683295536
-944903.3661294674
-2405208.5683295536
-2405208.5683295536
-2405208.5683295536
-2405208.5683295536
-2405208.5683295536
-1975707.038270705
-2405208.5683295536
-1632105.8142236257
-2405208.5683295536
-257700.9180353093
-2405208.5683295536
-2405208.5683295536
-2405208.5683295536
-2319308.2623177837
-2405208.5683295536
-2405208.5683295536
-2405208.5683295536
-2405208.5683295536
-1116703.9781530069
-1718006.1202353954
-1030803.6721412372
-2405208.5683295536
-601302.1420823884
-515401.8360706186
-2233407.956306014
-2405208.5683295536
-2405208.5683295536
-2405208.5683295536
-257700.9180353093
-71700662131.20016
-343601.2240470791
-1803906.4262471653
-171800.61202353952
-2405208.5683295536
-2233407.956306014
-2319308.2623177837
-687202.4480941582
-2405208.5683295536
-2405208.5683295536
-2405208.5683295536
-71700662131.20016
-2405208.5683295536
-71700662131.20016
-2405208.5683295536
-2405208.5683295536
-2405208.5683295536
-2405208.5683295536
-2405208.5683295536
-2319308.2623177837
-2405208.5683295536
-2405208.5683295536
-2405208.5683295536
-2061607.3442824746
-2405208.5683295536
-859003.0601176977
-1803906.4262471653
-257700.9180353093
-944903.3661294674
-429501.53005884885
-1202604.2841647768
-85900.30601176976
-429501.53005884885
-1374404.8961883164
-2405208.5683295536
-1718006.1202353954
-515401.8360706186
-2405208.5683295536
-2405208.5683295536
-2405208.5683295536
-515401.8360706186
-71700662131.20016
-2233407.956306014
-1718006.1202353954
-2405208.5683295536
-2405208.5683295536
-2405208.5683295536
-601302.1420823884
-2405208.5683295536
-2405208.5683295536
-2405208.5683295536
-2405208.5683295536
-71700662131.20016
-1374404.8961883164
-2405208.5683295536
-1546205.508211856
-1374404.8961883164
-2405208.5683295536
-2405208.5683295536
-2405208.5683295536
-1116703.9781530069
-2405208.5683295536
-2319308.2623177837
-1288504.5901765465
-2405208.5683295536
-71700662131.20016
-2405208.5683295536
-2405208.5683295536
-2405208.5683295536
-429501.53005884885
-2405208.5683295536
-2405208.5683295536
-257700.9180353093
-257700.9180353093
-1460305.202200086
-2405208.5683295536
-1889806.732258935
-2405208.5683295536
0.0
-2405208.5683295536
-2405208.5683295536
-2061607.3442824746
-2405208.5683295536
-2405208.5683295536
-2405208.5683295536
-171800.61202353952
-2405208.5683295536
-2405208.5683295536
-2405208.5683295536
-2405208.5683295536
-1030803.6721412372
-1546205.508211856
-2405208.5683295536
-343601.2240470791
-2405208.5683295536
-687202.4480941582
-2405208.5683295536
-2405208.5683295536
-85900.30601176976
-2405208.5683295536
-2319308.2623177837
-2405208.5683295536
-1202604.2841647768
-2405208.5683295536
0.0
-1632105.8142236257
-1374404.8961883164
-2405208.5683295536
-2405208.5683295536
-2405208.5683295536
-429501.53005884885
-687202.4480941582
-2405208.5683295536
-2405208.5683295536
-2405208.5683295536
-2147507.6502942443
-171800.61202353952
-2405208.5683295536
-2405208.5683295536
-2405208.5683295536
-2405208.5683295536
-2405208.5683295536
-2405208.5683295536
-2405208.5683295536
0.0
-1632105.8142236257
-2147507.6502942443
-1116703.9781530069
-2405208.5683295536
-2405208.5683295536
-2405208.5683295536
-1288504.5901765465
-1374404.8961883164
-2405208.5683295536
-2405208.5683295536
-2233407.956306014
-2405208.5683295536
-2405208.5683295536
-2405208.5683295536
-2405208.5683295536
-2405208.5683295536
-2405208.5683295536
-71698259115.89815
-2193.2663168569165
-2193.2663168569165
-71698259115.89815
-71698259115.89815
-2193.2663168569165
-71698259115.89815
-1288504.5901765465
-71700662131.20016
-85900.30601176976
-2405208.5683295536
-1374404.8961883164
-2405208.5683295536
-2405208.5683295536
-2405208.5683295536
-1803906.4262471653
-2405208.5683295536
-859003.0601176977
-1632105.8142236257
-859003.0601176977
-859003.0601176977
-2405208.5683295536
-1460305.202200086
-1889806.732258935
-1975707.038270705
-2405208.5683295536
-2061607.3442824746
-1030803.6721412372
-2405208.5683295536
-429501.53005884885
-2405208.5683295536
-2405208.5683295536
-1889806.732258935
-2405208.5683295536
-2405208.5683295536
-85900.30601176976
-2405208.5683295536
-2405208.5683295536
-773102.7541059279
-2405208.5683295536
-1975707.038270705
-2405208.5683295536
-2233407.956306014
-2405208.5683295536
-1718006.1202353954
-2405208.5683295536
-687202.4480941582
-515401.8360706186
-2405208.5683295536
-2405208.5683295536
-171800.61202353952
-3584912846.131592
-1794260329.4920425
-429501.53005884885
-2405208.5683295536
-1889806.732258935
-3586115450.415756
-898332769.0301863
-2405208.5683295536
-1803906.4262471653
-429501.53005884885
-5377369269.197388
-6192122188.772749
-7169825692.263184
-3747863430.046664
-7169825692.263184
-2405208.5683295536
-2405208.5683295536
-2405208.5683295536
-2405208.5683295536
-2233407.956306014
-2147507.6502942443
-343601.2240470791
-6273898131.801327
-6273898131.801327
-1794260329.492043
-4482043010.877613
-4481527609.041543
-4074365900.018891
-7169825692.263184
-7169825692.263184
-2405208.5683295536
-2405208.5683295536
-2405208.5683295536
-488851751.745217
-859003.0601176977
-2405208.5683295536
-2319308.2623177837
-2405208.5683295536
-7169825692.263184
-1466555255.235651
-162950583.91507235
-3910814013.9617367
-5214418685.282315
-5214418685.282315
-3421962262.2165194
0.0
-7169825692.263184
-7169825692.263184
-1629505839.1507235
-6355072772.687821
-6518023356.602894
-7169825692.263184
-1466555255.235651
-1466555255.235651
-7169825692.263184
-5703270437.027533
-3584912846.131592
-651802335.6602894
-3421962262.2165194
-1140654087.4055064
-6518023356.602894
-4562616349.6220255
-7169825692.263184
-7169825692.263184
-6029171604.857677
-7169825692.263184
-7169825692.263184
-7006875108.348111
-651802335.6602894
-1792456423.065796
-7169825692.263184
-325901167.8301447
-325901167.8301447
-3259011678.301447
-3747863430.046664
-7169825692.263184
-3747863430.046664
-7169825692.263184
-7169825692.263184
-7169825692.263184
-6192122188.772749
-1140654087.4055064
-5540319853.11246
-3096061094.3863745
-651802335.6602894
-3910814013.9617367
-3747863430.046664
-3421962262.2165194
-5866221020.942605
-4073764597.8768086
-5703270437.027533
-3910814013.9617367
-7169825692.263184
0.0
-2770159926.55623
-7169825692.263184
-4888517517.45217
-2444258758.726085
-1303604671.3205788
-6518023356.602894
-3421962262.2165194
-1955407006.9808683
-7169825692.263184
-5214418685.282315
-6680973940.517966
-3747863430.046664
-7169825692.263184
-7169825692.263184
-7169825692.263184
-2933110510.4713025
-162950583.91507235
-7169825692.263184
-2607209342.6411576
-3259011678.301447
-4725566933.537098
-6029171604.857677
-4562616349.6220255
-7169825692.263184
-5214418685.282315
-3259011678.301447
-977703503.4904342
-5703270437.027533
-7169825692.263184
-7169825692.263184
-2933110510.4713025
-2118357590.8959405
-4073764597.8768086
-7169825692.263184
-2770159926.55623
-2281308174.8110127
-2118357590.8959405
-651802335.6602894
-1955407006.9808683
-7169825692.263184
-6518023356.602894
-2770159926.55623
-814752919.5753617
-1466555255.235651
-6355072772.687821
-162950583.91507235
-2933110510.4713025
-7169825692.263184
-7169825692.263184
-7169825692.263184
-5214418685.282315
-7169825692.263184
-5703270437.027533
-7169825692.263184
-2118357590.8959405
-3747863430.046664
-3096061094.3863745
-488851751.745217
0.0
-5540319853.11246
-6355072772.687821
-7169825692.263184
-7169825692.263184
-325901167.8301447
-7169825692.263184
-7169825692.263184
-2281308174.8110127
-7169825692.263184
-7169825692.263184
-7169825692.263184
-7169825692.263184
-977703503.4904342
-1629505839.1507235
-4562616349.6220255
-6518023356.602894
-7169825692.263184
-2118357590.8959405
-1140654087.4055064
-7169825692.263184
-6192122188.772749
-1140654087.4055064
-1140654087.4055064
-7169825692.263184
-7169825692.263184
-7169825692.263184
-1955407006.9808683
-3096061094.3863745
-7169825692.263184
-6029171604.857677
-3259011678.301447
-488851751.745217
-1793659027.3499603
-2405208.5683295536
-2405208.5683295536
-85900.30601176976
-2405208.5683295536
-71700662131.20016
-1546205.508211856
-1718006.1202353954
-2405208.5683295536
-257700.9180353093
-2405208.5683295536
-2405208.5683295536
-2038385554.2936103
-2281308174.8110127
-7169825692.263184
-2770159926.55623
-1140654087.4055064
-977703503.4904342
-7169825692.263184
-6029171604.857677
-5540319853.11246
-3096061094.3863745
-2281308174.8110127
-7169825692.263184
-3747863430.046664
-7169825692.263184
-3096061094.3863745
-7169825692.263184
-2444258758.726085
-1466555255.235651
-4888517517.45217
-7169825692.263184
-7169825692.263184
-651802335.6602894
-4236715181.791881
-4562616349.6220255
-6843924524.433039
-6355072772.687821
-4236715181.791881
-7169825692.263184
-7169825692.263184
-1629505839.1507235
-4073764597.8768086
-7169825692.263184
-3910814013.9617367
-5703270437.027533
-2607209342.6411576
-7169825692.263184
-6192122188.772749
-1792456423.065796
-7169825692.263184
-814752919.5753617
-3910814013.9617367
-7169825692.263184
-7169825692.263184
-6680973940.517966
-7169825692.263184
-2444258758.726085
-7169825692.263184
-2933110510.4713025
-7169825692.263184
-7169825692.263184
-7169825692.263184
-7169825692.263184
-7169825692.263184
-7169825692.263184
-7169825692.263184
-1955407006.9808683
-4236715181.791881
-7169825692.263184
-3747863430.046664
-1792456423.065796
-7169825692.263184
-2607209342.6411576
-4888517517.45217
-2607209342.6411576
-5703270437.027533
-7169825692.263184
-3421962262.2165194
-1629505839.1507235
-7169825692.263184
-6518023356.602894
-1629505839.1507235
-7169825692.263184
-7169825692.263184
-814752919.5753617
-162950583.91507235
-325901167.8301447
-3259011678.301447
-814752919.5753617
-2690187889.9539
-1794260329.492043
-2405208.5683295536
-898332769.0301863
-7169825692.263184
-5051468101.367243
-5866221020.942605
-5051468101.367243
-7169825692.263184
-7169825692.263184
-7169825692.263184
-7169825692.263184
-7169825692.263184
-7169825692.263184
-944903.3661294674
-815955523.8595265
-7169825692.263184
-1303604671.3205788
-2405208.5683295536
-2061607.3442824746
-1460305.202200086
-343601.2240470791
-1629505839.1507235
-7169825692.263184
-7169825692.263184
-7169825692.263184
-2690187889.9539
0.0
-2444258758.726085
-6355072772.687821
-7169825692.263184
-2444258758.726085
-1629505839.1507235
-2444258758.726085
-6355072772.687821
-5377369269.197388
-977703503.4904342
-6843924524.433039
-977703503.4904342
-7169825692.263184
-2933110510.4713025
-7169825692.263184
-7169825692.263184
-7169825692.263184
-7169825692.263184
-2607209342.6411576
-6680973940.517966
-7169825692.263184
-1303604671.3205788
-2607209342.6411576
-3096061094.3863745
-7169825692.263184
-488851751.745217
-7169825692.263184
-7169825692.263184
-651802335.6602894
-6680973940.517966
-7169825692.263184
-7169825692.263184
-3096061094.3863745
-2933110510.4713025
-5051468101.367243
-4725566933.537098
-7006875108.348111
-7169825692.263184
-1140654087.4055064
-5214418685.282315
-3421962262.2165194
-1629505839.1507235
-7169825692.263184
-1792456423.065796
-5051468101.367243
-7169825692.263184
-6518023356.602894
-7169825692.263184
-7169825692.263184
-7169825692.263184
-5051468101.367243
-7169825692.263184
-2281308174.8110127
-7169825692.263184
-6518023356.602894
-5377369269.197388
-4236715181.791881
-7169825692.263184
-7169825692.263184
-7169825692.263184
-3259011678.301447
-5214418685.282315
-3584912846.131592
-7169825692.263184
-4888517517.45217
-7169825692.263184
-3584912846.131592
0.0
-7169825692.263184
-6029171604.857677
-7169825692.263184
-3096061094.3863745
-7169825692.263184
-7169825692.263184
-1460305.202200086
-2405208.5683295536
-2405208.5683295536
-2405208.5683295536
-2690187889.9539
-687202.4480941582
-2405208.5683295536
-1546205.508211856
-2061607.3442824746
-2405208.5683295536
-1889806.732258935
-1116703.9781530069
-2405208.5683295536
-6273898131.801327
-257700.9180353093
-1546205.508211856
-898332769.0301864
-2405208.5683295536
-2405208.5683295536
-2405208.5683295536
-6273898131.801327
-1546205.508211856
-7169825692.263184
-2405208.5683295536
-429501.53005884885
-1460305.202200086
-71700662131.20016
-944903.3661294674
-2405208.5683295536
-1460305.202200086
-2405208.5683295536
-2405208.5683295536
-2405208.5683295536
-2405208.5683295536
-171800.61202353952
-2405208.5683295536
-2405208.5683295536
-6273898131.801327
-773102.7541059279
-6273898131.801327
-2405208.5683295536
-601302.1420823884
-1374404.8961883164
-1288504.5901765465
-2690187889.9539
-2405208.5683295536
-1889806.732258935
-2405208.5683295536
-2405208.5683295536
-2405208.5683295536
-2405208.5683295536
-2405208.5683295536
0.0
-2319308.2623177837
-515401.8360706186
-2405208.5683295536
-2147507.6502942443
-1030803.6721412372
-2405208.5683295536
-2405208.5683295536
-2405208.5683295536
-2405208.5683295536
-2405208.5683295536
-2405208.5683295536
-2061607.3442824746
-71700662131.20016
-2405208.5683295536
-2405208.5683295536
-2405208.5683295536
-2405208.5683295536
-2405208.5683295536
-257700.9180353093
-2405208.5683295536
-2405208.5683295536
-171800.61202353952
-2405208.5683295536
-2405208.5683295536
-1288504.5901765465
-85900.30601176976
-7169825692.263184
-3259011678.301447
-5214418685.282315
-4482043010.877613
-1460305.202200086
-2319308.2623177837
-3586115450.4157567
-6843924524.433039
-7169825692.263184
-3259011678.301447
-5540319853.11246
-2688727584.7517
-257700.9180353093
-1794260329.492043
-2405208.5683295536
-2405208.5683295536
-2405208.5683295536
-2405208.5683295536
-71700662131.20016
-3586115450.4157567
-6273898131.801327
-2405208.5683295536
-2405208.5683295536
-773102.7541059279
-5377970571.33947
-1374404.8961883164
-1889806.732258935
-2405208.5683295536
-2405208.5683295536
-1374404.8961883164
-2405208.5683295536
-515401.8360706186
-1374404.8961883164
-2405208.5683295536
-2405208.5683295536
-2405208.5683295536
-2405208.5683295536
-257700.9180353093
-1794260329.492043
-2405208.5683295536
-1030803.6721412372
-2405208.5683295536
-5377970571.33947
-1288504.5901765465
-6273898131.801327
-2405208.5683295536
-515401.8360706186
-601302.1420823884
-2405208.5683295536
-2405208.5683295536
-1460305.202200086
-2405208.5683295536
-171800.61202353952
-1374404.8961883164
-3667290091.3022513
-6518023356.602894
-5703270437.027533
-7169825692.263184
-7169825692.263184
-1466555255.235651
-7169825692.263184
-5051468101.367243
-162950583.91507235
-3584912846.131592
-7169825692.263184
-1303604671.3205788
-1629505839.1507235
-7006875108.348111
-5377369269.197388
-7169825692.263184
-7169825692.263184
-5214418685.282315
-3421962262.2165194
0.0
-7169825692.263184
-162950583.91507235
-7169825692.263184
-7169825692.263184
-5214418685.282315
-5866221020.942605
-6680973940.517966
-7169825692.263184
-7169825692.263184
-4073764597.8768086
-7169825692.263184
-7169825692.263184
0.0
-7169825692.263184
-7169825692.263184
-7169825692.263184
-5377369269.197388
-488851751.745217
-7169825692.263184
-3910814013.9617367
-1955407006.9808683
-325901167.8301447
-1955407006.9808683
-7169825692.263184
-7169825692.263184
-162950583.91507235
-488851751.745217
-2933110510.4713025
-1792456423.065796
-2444258758.726085
-325901167.8301447
-7169825692.263184
-162950583.91507235
-2933110510.4713025
-7169825692.263184
-488851751.745217
0.0
-2281308174.8110127
-4562616349.6220255
-4399665765.706953
-3096061094.3863745
-7169825692.263184
-2444258758.726085
-7169825692.263184
-5051468101.367243
-5703270437.027533
-6518023356.602894
-814752919.5753617
-6192122188.772749
-5377369269.197388
-5214418685.282315
-7006875108.348111
-7169825692.263184
-6843924524.433039
-6843924524.433039
-7169825692.263184
-4236715181.791881
-6843924524.433039
-5377369269.197388
-7169825692.263184
-7169825692.263184
-2607209342.6411576
-7169825692.263184
-651802335.6602894
-4888517517.45217
-4888517517.45217
-7169825692.263184
-6192122188.772749
-7169825692.263184
-4562616349.6220255
-977703503.4904342
-2607209342.6411576
-7169825692.263184
-5866221020.942605
-7169825692.263184
-2281308174.8110127
-7169825692.263184
-6843924524.433039
-7169825692.263184
-162950583.91507235
-3259011678.301447
-6192122188.772749
-7169825692.263184
-7169825692.263184
-7169825692.263184
-3259011678.301447
-1629505839.1507235
-7169825692.263184
-5214418685.282315
-7169825692.263184
-7169825692.263184
-7169825692.263184
-6355072772.687821
-7169825692.263184
-5214418685.282315
-325901167.8301447
-977703503.4904342
-3586115450.415756
-944903.3661294674
-1630107141.292806
-6680973940.517966
-2933110510.4713025
-2444258758.726085
-5377369269.197388
-4725566933.537098
-7169825692.263184
0.0
-7169825692.263184
-7169825692.263184
-2933110510.4713025
-7169825692.263184
-814752919.5753617
-4725566933.537098
-7169825692.263184
-7006875108.348111
-4725566933.537098
-7169825692.263184
-5214418685.282315
-6355072772.687821
-7169825692.263184
-7169825692.263184
-6192122188.772749
-7169825692.263184
-5703270437.027533
-7169825692.263184
-2607209342.6411576
-7169825692.263184
-4725566933.537098
-4888517517.45217
-7169825692.263184
-7169825692.263184
-6192122188.772749
-4399665765.706953
-2933110510.4713025
-7169825692.263184
-6355072772.687821
-7169825692.263184
-2770159926.55623
-7169825692.263184
-6273898131.801327
-2405208.5683295536
-7169825692.263184
-1794260329.492043
-977703503.4904342
-5540319853.11246
-1629505839.1507235
-7169825692.263184
-6680973940.517966
-7169825692.263184
-2607209342.6411576
-4888517517.45217
-7169825692.263184
-4236715181.791881
-2281308174.8110127
-1140654087.4055064
-7169825692.263184
-5377970571.33947
-6273898131.801327
-3096061094.3863745
-4562616349.6220255
-162950583.91507235
-5540319853.11246
-1140654087.4055064
-1303604671.3205788
-7169825692.263184
-7169825692.263184
-977703503.4904342
-7169825692.263184
-7169825692.263184
-6518023356.602894
-2770159926.55623
-7169825692.263184
-7169825692.263184
-7169825692.263184
-2689242986.5877705
-7169825692.263184
-859003.0601176977
-7169825692.263184
-2405208.5683295536
-5947996963.971182
-1303604671.3205788
-7169825692.263184
-2770159926.55623
0.0
-1466555255.235651
-651802335.6602894
-6518023356.602894
-7169825692.263184
-7169825692.263184
-4399665765.706953
-4562616349.6220255
-5377369269.197388
-7169825692.263184
-3584912846.131592
-3584912846.131592
-3259011678.301447
-1629505839.1507235
-3096061094.3863745
-1629505839.1507235
-325901167.8301447
-814752919.5753617
-7169825692.263184
-4888517517.45217
-7169825692.263184
-7169825692.263184
-7169825692.263184
-7169825692.263184
-1632105.8142236257
-4970293460.480748
-6273898131.801327
-2281308174.8110127
-7169825692.263184
-1140654087.4055064
-7169825692.263184
-5866221020.942605
-7169825692.263184
-7169825692.263184
-6192122188.772749
-1629505839.1507235
-7169825692.263184
-6273898131.801327
-859003.0601176977
-2405208.5683295536
-2405208.5683295536
-7169825692.263184
-2405208.5683295536
0.0
-3259011678.301447
-4399665765.706953
-3747863430.046664
-7169825692.263184
-162950583.91507235
-7169825692.263184
-814752919.5753617
-5703270437.027533
-7169825692.263184
-2405208.5683295536
-2319308.2623177837
-2233407.956306014
-3177837037.414952
-3747863430.046664
-2281308174.8110127
-5051468101.367243
-1116703.9781530069
-1546205.508211856
-2405208.5683295536
-2061607.3442824746
-2061607.3442824746
-2405208.5683295536
-2405208.5683295536
-2405208.5683295536
-3586115450.4157567
-2061607.3442824746
-2405208.5683295536
-7169825692.263184
-7169825692.263184
-7169825692.263184
-5540319853.11246
-7169825692.263184
-6273898131.801327
-1889806.732258935
-515401.8360706186
-7169825692.263184
-773102.7541059279
-2405208.5683295536
-2405208.5683295536
-257700.9180353093
-2405208.5683295536
-171800.61202353952
-898332769.0301863
-5377970571.33947
-2405208.5683295536
0.0
-2405208.5683295536
-2319308.2623177837
-3586115450.415756
-1030803.6721412372
-2405208.5683295536
-4482043010.877613
-2405208.5683295536
-3586115450.415756
-1718006.1202353954
-7169825692.263184
-2405208.5683295536
-2405208.5683295536
-6273898131.801327
-2405208.5683295536
-2405208.5683295536
-3586115450.415756
-2405208.5683295536
-5377970571.33947
0.0
-2405208.5683295536
-1288504.5901765465
-898332769.0301863
-773102.7541059279
-5377970571.33947
-2405208.5683295536
-7169825692.263184
-2405208.5683295536
-1460305.202200086
-1975707.038270705
-944903.3661294674
-2405208.5683295536
-2405208.5683295536
-5377970571.33947
-6273898131.801327
-2405208.5683295536
-2405208.5683295536
-1202604.2841647768
-2405208.5683295536
-898332769.0301863
-2405208.5683295536
-2690187889.9538994
-2405208.5683295536
-2405208.5683295536
-1116703.9781530069
-7169825692.263184
-859003.0601176977
-171800.61202353952
-859003.0601176977
-515401.8360706186
-2405208.5683295536
-2405208.5683295536
-1889806.732258935
-1546205.508211856
-2405208.5683295536
-2147507.6502942443
-257700.9180353093
-7169825692.263184
-5377970571.33947
-2405208.5683295536
-2405208.5683295536
-2405208.5683295536
-773102.7541059279
-2405208.5683295536
-2405208.5683295536
-601302.1420823884
-2405208.5683295536
-1460305.202200086
-2405208.5683295536
-944903.3661294674
-2405208.5683295536
-4482043010.877613
-2405208.5683295536
-2405208.5683295536
-2690187889.9538994
-859003.0601176977
-2405208.5683295536
-2405208.5683295536
-2405208.5683295536
-4482043010.877613
-1794260329.492043
-1632105.8142236257
-2405208.5683295536
-2147507.6502942443
-2405208.5683295536
-2147507.6502942443
-4482043010.877613
-2405208.5683295536
-2405208.5683295536
-1288504.5901765465
-859003.0601176977
-2405208.5683295536
-1803906.4262471653
-944903.3661294674
-601302.1420823884
-2405208.5683295536
-2405208.5683295536
-6273898131.801327
-2405208.5683295536
-898332769.0301863
-2405208.5683295536
-2405208.5683295536
-687202.4480941582
-2405208.5683295536
-859003.0601176977
-5377970571.33947
-1975707.038270705
-2233407.956306014
-1116703.9781530069
-2405208.5683295536
-6273898131.801327
-7169825692.263184
-1030803.6721412372
-2319308.2623177837
-2405208.5683295536
-4482043010.877613
-944903.3661294674
-2233407.956306014
-2405208.5683295536
-1288504.5901765465
-1794260329.492043
-2405208.5683295536
-6273898131.801327
-1460305.202200086
-2405208.5683295536
-7169825692.263184
-1889806.732258935
-2405208.5683295536
-2405208.5683295536
-2405208.5683295536
-6273898131.801327
-7169825692.263184
-7169825692.263184
-4888517517.45217
-651802335.6602894
-2405208.5683295536
0.0
-2405208.5683295536
-2405208.5683295536
-2405208.5683295536
