-602085.4514812658
-72594786882.36893
-71698258841.98987
-896228917.2613568
-2688685731.481852
-72594787156.27722
-896530233.645387
-72594485409.82303
-71698257198.54013
-72594785786.73578
-896528864.1039392
-71699159972.72812
-71699159972.72812
-72596289040.84099
-1792885924.8458548
-5092206021.7543
-2118357591.6459405
-6273597480.980286
-6273898131.801327
-6273597754.888576
-5214418685.282315
-5377670194.426718
-4481742360.056572
-488851751.745217
-6273597480.980286
-6273597480.980286
-6273597754.888576
-1263167950.5711415
-7169825692.263184
-651802335.6602894
-7169825692.263184
-6273597480.980286
-7169825692.263184
-7169825692.263184
-1955407006.9808683
-3421962262.2165194
-6518023356.602894
-1629505839.4007235
-5377670194.426718
-4603354269.759084
-7169825692.263184
-5377669920.518429
-6273898131.801327
-1792456423.065796
-3829639373.0752416
-3747863430.296664
-6273597480.980286
-3584912846.131592
-4562616349.6220255
-7169825692.263184
-7169825692.263184
-488851751.995217
-6273898131.801327
-7169825692.263184
-2118357590.8959405
-6029171604.857677
-7169825692.263184
-7169825692.263184
-3584912846.131592
-2281308174.8110127
-6273597480.980286
-6273597754.888576
-2933110510.4713025
-2770159926.55623
-1140654087.4055064
-977703503.4904342
-977703503.7404342
-7169825692.263184
-7169825692.263184
-6518023356.602894
-977703503.4904342
-7169825692.263184
-2933110510.4713025
-977703503.4904342
-325901167.8301447
-6518023356.602894
0.0
-4236715181.791881
-3910814013.9617367
-162950583.91507235
-7169825692.263184
-2933110510.4713025
-1303604671.3205788
-2770159926.55623
-4888517517.45217
-2770159926.55623
-1955407006.9808683
-488851752.245217
-4236715181.791881
-3584912846.131592
-325901167.8301447
-3421962262.2165194
-7169825692.263184
-2281308174.8110127
-7169825692.263184
-4888517517.45217
-7006875108.348111
-6273597754.888576
-3584912846.131592
-7169825692.263184
-7169825692.263184
-5377970571.33947
-7169825692.263184
-7169825692.263184
-7169825692.263184
-2933110510.4713025
-7169825692.263184
-6843924524.433039
-7169825692.263184
-2770159926.55623
-7169825692.263184
-7169825692.263184
-7169825692.263184
-6029171604.857677
-6355072772.687821
-1140654087.4055064
-5540319853.11246
-7169825692.263184
-6273597754.888575
-5377369817.5139675
-5377369817.5139675
-4481141880.1393585
-4481141880.1393585
-5377369817.5139675
-5377369817.5139675
-1096.6331584284585
-1140655184.0386648
-6273597754.888575
-5377369817.5139675
-203689600.68528846
-2444259855.359244
-7169825692.263184
-6273597754.888575
-7169825692.263184
-313.32375955098814
-5377369817.5139675
-6273597754.888575
-2403521935.222186
-3870077190.457837
-3055324270.8824754
-4318191022.065997
-3218274854.797548
-3055324270.8824754
-7169825692.263184
-7169825692.263184
-4644092189.896142
-5255156605.419373
-1059179343.7645495
-6273597754.888575
-6273597754.888575
-2810897846.6932874
-7169825692.263184
-3136799014.5234323
-7169825692.263184
-1955407006.9808683
-3747863430.046664
-4073764597.8768086
-7169825692.263184
-7169825692.263184
-2770159926.55623
-7169825692.263184
-7169825692.263184
-5703270437.027533
-5866221020.942605
-7169825692.263184
-2933110510.4713025
-7169825692.263184
-7169825692.263184
-162950583.91507235
-6029171604.857677
-162950583.91507235
-1792456423.065796
-7169825692.263184
-5051468101.367243
-814752919.5753617
-7169825692.263184
-7169825692.263184
-4399665765.706953
-7169825692.263184
-5377369269.197388
-4073764597.8768086
-7169825692.263184
-4073764597.8768086
-3259011678.301447
-7169825692.263184
-2607209342.6411576
-7169825692.263184
0.0
-3584912846.131592
-4725566933.537098
-5540319853.11246
-2607209342.6411576
-5377369269.197388
-4888517517.45217
-7169825692.263184
-6029171604.857677
-814752919.5753617
-7169825692.263184
-5377369269.197388
-7169825692.263184
-325901167.8301447
-2607209342.6411576
-7169825692.263184
-6680973940.517966
-2770159926.55623
-6355072772.687821
-7169825692.263184
-3096061094.3863745
-7169825692.263184
-7169825692.263184
-7006875108.348111
-1629505839.1507235
-7169825692.263184
-6680973940.517966
0.0
-1955407006.9808683
-4562616349.6220255
-3421962262.2165194
-7169825692.263184
-7006875108.348111
-4399665765.706953
-3584912846.131592
-7169825692.263184
-7006875108.348111
-4888517517.45217
-2770159926.55623
-6843924524.433039
-4073764597.8768086
-6029171604.857677
-7006875108.348111
-2607209342.6411576
-7169825692.263184
-7169825692.263184
-1303604671.3205788
-7169825692.263184
-2281308174.8110127
-6843924524.433039
-6518023356.602894
-7169825692.263184
-2607209342.6411576
-4236715181.791881
-7169825692.263184
-1629505839.1507235
-651802335.6602894
-6518023356.602894
-7169825692.263184
-7169825692.263184
-7169825692.263184
-7169825692.263184
-1466555255.235651
-5703270437.027533
-7169825692.263184
-7169825692.263184
-7006875108.348111
-5377369269.197388
-488851751.745217
-3747863430.046664
-2281308174.8110127
-3421962262.2165194
-7169825692.263184
-7169825692.263184
-1425818431.731752
-1303604671.3205788
-5703270437.027533
-7169825692.263184
-285164344.3262454
-7169825692.263184
-6273597754.888575
-2193.2663168569165
-2688686005.390142
-4481141880.1393585
-4481141880.1393585
-3584913942.7647505
-6273597754.888575
-5377369817.5139675
-2688686005.390142
-2193.2663168569165
-2193.2663168569165
-2193.2663168569165
-4481141880.1393585
-4481141880.1393585
-3584913942.7647505
-1253.2950382039526
-2193.2663168569165
-2688686005.390142
-2193.2663168569165
-3584913942.7647505
-1792458068.0155334
-2193.2663168569165
-156.66187977549407
-2193.2663168569165
-4481141880.1393585
-1792458068.0155334
-783.3093988774704
-1566.6187977549407
-626.6475191019763
-6273597754.888575
-626.6475191019763
-626.6475191019763
-313.32375955098814
-3584913942.7647505
-896230130.6409252
-6273597754.888575
-469.9856393264822
-783.3093988774704
-2193.2663168569165
-7169825692.263184
-1723.2806775304346
-6273597754.888575
-2036.6044370814225
-2193.2663168569165
-1879.9425573059286
-7169825692.263184
-1566.6187977549407
-5377369817.5139675
-783.3093988774704
-156.66187977549407
-2193.2663168569165
-3584913942.7647505
-2193.2663168569165
-2688686005.390142
-2193.2663168569165
-2193.2663168569165
-313.32375955098814
-2193.2663168569165
-3584913942.7647505
-156.66187977549407
-2193.2663168569165
-3584913942.7647505
-4481141880.1393585
-2193.2663168569165
-1723.2806775304346
-2193.2663168569165
-1253.2950382039526
-2688686005.390142
-4481141880.1393585
-1792458068.0155334
-2193.2663168569165
-939.9712786529644
-1792458068.0155334
-2688686005.390142
-939.9712786529644
-2688686005.390142
-1566.6187977549407
-2193.2663168569165
-896230130.6409252
-7169825692.263184
-2193.2663168569165
0.0
-1792458068.0155334
-783.3093988774704
-2688686005.390142
-4481141880.1393585
-3584913942.7647505
-2193.2663168569165
-2193.2663168569165
-156.66187977549407
-5377369817.5139675
-156.66187977549407
-896230130.6409252
-2036.6044370814225
-2193.2663168569165
-2193.2663168569165
-2193.2663168569165
-1723.2806775304346
-939.9712786529644
-2193.2663168569165
-2688686005.390142
-2193.2663168569165
-1723.2806775304346
-2193.2663168569165
-2193.2663168569165
-313.32375955098814
-5377369817.5139675
-2688686005.390142
-2193.2663168569165
-7169825692.263184
-5377369817.5139675
-3584913942.7647505
-1879.9425573059286
-4481141880.1393585
-6273597754.888575
-2036.6044370814225
-2193.2663168569165
0.0
-1096.6331584284585
-4481141880.1393585
-2688686005.390142
-2193.2663168569165
-1096.6331584284585
-2193.2663168569165
-783.3093988774704
-5377369817.5139675
-3584913942.7647505
-3584913942.7647505
-1253.2950382039526
-2193.2663168569165
-2193.2663168569165
-2193.2663168569165
-2688686005.390142
-5377369817.5139675
-2193.2663168569165
-6273597754.888575
-2193.2663168569165
-6273597754.888575
-2193.2663168569165
-2193.2663168569165
-896230130.6409252
-626.6475191019763
-2193.2663168569165
-5377369817.5139675
-2688686005.390142
-2193.2663168569165
-4481141880.1393585
-4481141880.1393585
-1792458068.0155334
-3584913942.7647505
-1792458068.0155334
-7169825692.263184
-2193.2663168569165
-2688686005.390142
-1792458068.0155334
-2193.2663168569165
-5377369817.5139675
-939.9712786529644
-896230130.6409252
-6273597754.888575
-2688686005.390142
-7169825692.263184
-1792458068.0155334
-1792458068.0155334
-4481141880.1393585
-1792458068.0155334
-5377369817.5139675
-1566.6187977549407
-2193.2663168569165
-2688686005.390142
-2193.2663168569165
-2193.2663168569165
-2193.2663168569165
-1792458068.0155334
-5377369817.5139675
-2193.2663168569165
-2193.2663168569165
-7169825692.263184
-2193.2663168569165
-2193.2663168569165
-2193.2663168569165
-1792458068.0155334
-5377369817.5139675
-6273597754.888575
-2688686005.390142
-4481141880.1393585
-896230130.6409252
-5377369817.5139675
-2193.2663168569165
-4481141880.1393585
-1792458068.0155334
-896230130.6409252
-896230130.6409252
-5377369817.5139675
-7169825692.263184
-6273597754.888575
-5377369817.5139675
-2193.2663168569165
-5377369817.5139675
-2193.2663168569165
-1879.9425573059286
-7169825692.263184
-2688686005.390142
-2193.2663168569165
-1566.6187977549407
-2193.2663168569165
-3584913942.7647505
-2193.2663168569165
-2193.2663168569165
-4481141880.1393585
-5377369817.5139675
-2193.2663168569165
-1792458068.0155334
-7169825692.263184
-7169825692.263184
-4481141880.1393585
-2193.2663168569165
-2193.2663168569165
-1792458068.0155334
-1566.6187977549407
-939.9712786529644
-2193.2663168569165
-1792458068.0155334
-783.3093988774704
-2193.2663168569165
-6273597754.888575
-2193.2663168569165
-2193.2663168569165
-896230130.6409252
-6273597754.888575
-2688686005.390142
-2688686005.390142
-4481141880.1393585
-7169825692.263184
-3584913942.7647505
-896230130.6409252
-3584913942.7647505
-2193.2663168569165
-2193.2663168569165
-3584913942.7647505
-2193.2663168569165
-896230130.6409252
-4481141880.1393585
-7169825692.263184
-5377369817.5139675
-896230130.6409252
-2193.2663168569165
-6273597754.888575
-2193.2663168569165
-2193.2663168569165
-2193.2663168569165
-783.3093988774704
-2688686005.390142
-2193.2663168569165
-2688686005.390142
-2193.2663168569165
-6273597754.888575
-2193.2663168569165
-2193.2663168569165
-2193.2663168569165
-3584913942.7647505
-1879.9425573059286
-156.66187977549407
-896230130.6409252
-2193.2663168569165
-7169825692.263184
-313.32375955098814
-6273597754.888575
-2688686005.390142
-5377369817.5139675
-2193.2663168569165
-2193.2663168569165
-6273597754.888575
-2193.2663168569165
-4481141880.1393585
-2193.2663168569165
-1566.6187977549407
-896230130.6409252
-5377369817.5139675
-896230130.6409252
-4481141880.1393585
-6273597754.888575
-1792458068.0155334
-3584913942.7647505
-156.66187977549407
-1253.2950382039526
-2688686005.390142
-2193.2663168569165
-7169825692.263184
-2688686005.390142
-2193.2663168569165
-2193.2663168569165
-5377369817.5139675
-939.9712786529644
-6273597754.888575
-6273597754.888575
-2193.2663168569165
-4481141880.1393585
-2036.6044370814225
-4481141880.1393585
-2193.2663168569165
-2193.2663168569165
-2193.2663168569165
-7169825692.263184
-469.9856393264822
-2193.2663168569165
-2193.2663168569165
-469.9856393264822
-6273597754.888575
-2193.2663168569165
-2193.2663168569165
-896230130.6409252
-896230130.6409252
-2688686005.390142
-2193.2663168569165
-6273597754.888575
-2193.2663168569165
-2688686005.390142
-2193.2663168569165
-2193.2663168569165
-4481141880.1393585
-2193.2663168569165
0.0
-939.9712786529644
-1792458068.0155334
-1253.2950382039526
-7169825692.263184
-1723.2806775304346
-7169825692.263184
-2193.2663168569165
-939.9712786529644
-939.9712786529644
-7169825692.263184
-3584913942.7647505
-2193.2663168569165
-2193.2663168569165
-2193.2663168569165
-2193.2663168569165
-3584913942.7647505
-4481141880.1393585
-4481141880.1393585
-2193.2663168569165
-2688686005.390142
-1253.2950382039526
-2193.2663168569165
-5377369817.5139675
-896230130.6409252
-2193.2663168569165
-2193.2663168569165
-2193.2663168569165
-6273597754.888575
-4481141880.1393585
-1409.9569179794466
-1566.6187977549407
-896230130.6409252
-2193.2663168569165
-2193.2663168569165
0.0
-896230130.6409252
-7169825692.263184
-5377369817.5139675
-1792458068.0155334
-2193.2663168569165
-2193.2663168569165
-896230130.6409252
-2193.2663168569165
-783.3093988774704
-2193.2663168569165
-5377369817.5139675
-2193.2663168569165
-2688686005.390142
-2193.2663168569165
-1566.6187977549407
-2193.2663168569165
-2193.2663168569165
-2193.2663168569165
-6273597754.888575
-2036.6044370814225
-1792458068.0155334
-896230130.6409252
-6273597754.888575
-896230130.6409252
-1096.6331584284585
-2193.2663168569165
-2193.2663168569165
-5377369817.5139675
-3584913942.7647505
-6273597754.888575
-2193.2663168569165
-6273597754.888575
-2193.2663168569165
-2193.2663168569165
-1879.9425573059286
-313.32375955098814
-3584913942.7647505
-1879.9425573059286
-1792458068.0155334
-896230130.6409252
-313.32375955098814
-7169825692.263184
-5377369817.5139675
-2688686005.390142
-4481141880.1393585
-2193.2663168569165
-2688686005.390142
-2193.2663168569165
-896230130.6409252
-6273597754.888575
-3584913942.7647505
-939.9712786529644
-896230130.6409252
-2193.2663168569165
-2036.6044370814225
-2688686005.390142
-2688686005.390142
-4481141880.1393585
-156.66187977549407
-5377369817.5139675
-896230130.6409252
-2193.2663168569165
0.0
-626.6475191019763
-4481141880.1393585
-5377369817.5139675
-2193.2663168569165
-5377369817.5139675
-2193.2663168569165
-2688686005.390142
-7169825692.263184
-4481141880.1393585
-2193.2663168569165
-313.32375955098814
-2193.2663168569165
-1253.2950382039526
-2036.6044370814225
-2193.2663168569165
-3584913942.7647505
-72594487053.27277
-2193.2663168569165
-2193.2663168569165
-2193.2663168569165
-4481141880.1393585
-1409.9569179794466
-2688686005.390142
-2688686005.390142
-1566.6187977549407
-6273597754.888575
-2193.2663168569165
-5377369817.5139675
-1792458068.0155334
-2193.2663168569165
-896230130.6409252
-4481141880.1393585
-896230130.6409252
-2193.2663168569165
-2193.2663168569165
-896230130.6409252
-1879.9425573059286
-1792458068.0155334
-6273597754.888575
-2193.2663168569165
-2036.6044370814225
-2193.2663168569165
-896230130.6409252
-896230130.6409252
-2688686005.390142
-3584913942.7647505
-2036.6044370814225
-2193.2663168569165
-2193.2663168569165
-3584913942.7647505
-2193.2663168569165
-2193.2663168569165
-896230130.6409252
-156.66187977549407
-2193.2663168569165
-2193.2663168569165
-2688686005.390142
-2193.2663168569165
-2688686005.390142
-2193.2663168569165
-896230130.6409252
-626.6475191019763
-2688686005.390142
-469.9856393264822
-1723.2806775304346
-6273597754.888575
-1566.6187977549407
-939.9712786529644
-2688686005.390142
-6273597754.888575
-939.9712786529644
-2193.2663168569165
-2193.2663168569165
-313.32375955098814
-2193.2663168569165
-1792458068.0155334
-2193.2663168569165
-939.9712786529644
-2193.2663168569165
-6273597754.888575
-7169825692.263184
-896230130.6409252
-2193.2663168569165
-3584913942.7647505
-2193.2663168569165
-2193.2663168569165
-4481141880.1393585
-2036.6044370814225
-626.6475191019763
-2193.2663168569165
-4481141880.1393585
-4481141880.1393585
-1253.2950382039526
-4481141880.1393585
-896230130.6409252
-3584913942.7647505
-1792457794.107244
-6273597754.888575
-2193.2663168569165
-3584913942.7647505
-2193.2663168569165
-2193.2663168569165
-6273597754.888575
-313.32375955098814
-1792458068.0155334
-1723.2806775304346
-2193.2663168569165
-2193.2663168569165
-896230130.6409252
-2193.2663168569165
-5377670194.426719
-2193.2663168569165
-1253.2950382039526
-2193.2663168569165
-469.9856393264822
-2193.2663168569165
-5377670194.426719
-4481141606.23107
-2193.2663168569165
-6273597754.888575
-3584913668.8564606
-2193.2663168569165
-2193.2663168569165
-2688685731.4818525
-2193.2663168569165
-1792457794.107244
-1096.6331584284585
-72594486779.36447
-1792457794.107244
-2193.2663168569165
-2193.2663168569165
-1919.358027249802
-2193.2663168569165
-1566.6187977549407
-469.9856393264822
-783.3093988774704
-7169825692.263184
-2193.2663168569165
-2193.2663168569165
-2193.2663168569165
-896230130.6409252
-2688686005.390142
-3584913942.7647505
-1879.9425573059286
-2193.2663168569165
-2193.2663168569165
-6273597754.888575
-2193.2663168569165
-2193.2663168569165
-2193.2663168569165
-2193.2663168569165
-2193.2663168569165
-6273597754.888575
-2193.2663168569165
-2193.2663168569165
-2193.2663168569165
-2193.2663168569165
-2193.2663168569165
-1792458068.0155334
-1879.9425573059286
-1723.2806775304346
-2193.2663168569165
-3584913942.7647505
-6273597754.888575
-2193.2663168569165
-6273597754.888575
-156.66187977549407
-2193.2663168569165
-2688686005.390142
-2688686005.390142
-783.3093988774704
-2193.2663168569165
-1792458068.0155334
-2193.2663168569165
-4481141880.1393585
-2193.2663168569165
-2036.6044370814225
-5377369817.513967
-896230130.6409252
-2193.2663168569165
-2193.2663168569165
-2193.2663168569165
-2193.2663168569165
-2193.2663168569165
-1792458068.0155334
-4481141880.1393585
-896230130.6409252
-2193.2663168569165
-1792458068.0155334
-2193.2663168569165
-3584913942.7647505
-2193.2663168569165
-896230130.6409252
-2193.2663168569165
-896230130.6409252
-6273597754.888576
-2193.2663168569165
0.0
-1792458068.0155334
-3584913942.7647505
-2193.2663168569165
-896230130.6409252
-896230130.6409252
-896230130.6409252
-2193.2663168569165
-2193.2663168569165
-5377369817.5139675
-2193.2663168569165
-2193.2663168569165
-2193.2663168569165
-156.66187977549407
-2193.2663168569165
-6273597754.888575
-2193.2663168569165
-2193.2663168569165
-1792458068.0155334
-2193.2663168569165
-2036.6044370814225
-2193.2663168569165
-896530507.5536768
-783.3093988774704
-2193.2663168569165
-2193.2663168569165
-2193.2663168569165
-2193.2663168569165
-5377369817.5139675
-5377369817.5139675
-2193.2663168569165
-2193.2663168569165
-2193.2663168569165
-6273597754.888575
-2193.2663168569165
-2193.2663168569165
-896230130.6409252
0.0
-3584913942.7647505
-2193.2663168569165
-469.9856393264822
-5377369817.513967
-2193.2663168569165
-6273597754.888576
-783.3093988774704
-896230130.6409252
-1409.9569179794466
-2193.2663168569165
-1792758444.9282851
-2193.2663168569165
-2193.2663168569165
-313.32375955098814
-2193.2663168569165
-896530507.5536768
-2193.2663168569165
-626.6475191019763
-783.3093988774704
-896230130.6409252
-5377369817.5139675
-2193.2663168569165
-2193.2663168569165
-4481442257.052111
-2688686005.390142
-1723.2806775304346
-3584913942.7647505
-783.3093988774704
-2193.2663168569165
-3584913942.7647505
-5377369817.5139675
-896230130.6409252
-2193.2663168569165
-4481141880.1393585
-2193.2663168569165
-1409.9569179794466
-6273597754.888575
-3584913942.7647505
-2193.2663168569165
-2193.2663168569165
-2193.2663168569165
-5377970571.33947
-5377670194.426718
-939.9712786529644
-2036.6044370814225
-2193.2663168569165
-4481742633.964862
-602947.091820031
-2036.6044370814225
-2193.2663168569165
-2193.2663168569165
-4481141880.1393585
-2193.2663168569165
-2036.6044370814225
-2036.6044370814225
-77971854677.52042
-3584913942.7647505
0.0
-469.9856393264822
-626.6475191019763
-2193.2663168569165
-896230130.6409252
-1566.6187977549407
-4481442257.052111
-1409.9569179794466
-626.6475191019763
-896230130.6409252
-4481141880.1393585
-2193.2663168569165
-1253.2950382039526
-2193.2663168569165
-2193.2663168569165
-626.6475191019763
-2688686005.390142
-2193.2663168569165
-2193.2663168569165
-2688686005.390142
-1253.2950382039526
-4481141880.1393585
-2193.2663168569165
-2036.6044370814225
-6273597754.888575
-2193.2663168569165
-2688686005.390142
-783.3093988774704
-2193.2663168569165
-3585214319.6775017
-3584913942.7647505
-2193.2663168569165
-2193.2663168569165
-5377670194.426719
-2193.2663168569165
-302570.179068444
-939.9712786529644
-1792458068.0155334
-302570.179068444
-2193.2663168569165
-2688986382.3028936
-2193.2663168569165
-3585514696.5902534
-302570.179068444
-1879.9425573059286
-1409.9569179794466
-2193.2663168569165
-1792758444.9282851
-2193.2663168569165
-4481742633.964862
-2193.2663168569165
-2688986382.3028936
-156.66187977549407
-75284071996.13484
-2193.2663168569165
-3585815073.503005
-1793359198.7537885
-602947.091820031
-2689587136.1283965
-1793058821.8410368
-903324.0045716183
0.0
-1793058821.8410368
-2193.2663168569165
-1793359198.7537882
-2193.2663168569165
-2193.2663168569165
-602947.091820031
-2193.2663168569165
-2193.2663168569165
-1723.2806775304346
-3586115450.415756
-1203700.9173232054
-2036.6044370814225
-2193.2663168569165
-1723.2806775304346
-1203700.9173232054
-313.32375955098814
-302570.179068444
-2193.2663168569165
-3585815073.503005
-2193.2663168569165
-1723.2806775304346
-302570.179068444
-1203700.9173232054
-2193.2663168569165
-1096.6331584284585
-2193.2663168569165
-897732015.2046832
-2193.2663168569165
-1793659575.66654
-1794260329.492043
-1804454.7428263796
-2193.2663168569165
-602947.091820031
-5377970571.33947
-1253.2950382039526
-1804454.7428263796
-1804454.7428263796
-783.3093988774704
-903324.0045716183
-2104831.6555779665
-2104831.6555779665
-898332769.0301863
-2193.2663168569165
-1409.9569179794466
-1504077.8300747925
-2193.2663168569165
-2193.2663168569165
-2193.2663168569165
-1096.6331584284585
-5377970571.33947
-2193.2663168569165
-2193.2663168569165
-2193.2663168569165
-2193.2663168569165
-2193.2663168569165
0.0
-2193.2663168569165
-897431638.2919315
-2193.2663168569165
-2193.2663168569165
-2193.2663168569165
-156.66187977549407
-602947.091820031
-3586115450.415756
-2193.2663168569165
-313.32375955098814
-302570.179068444
-897732015.2046832
-1723.2806775304346
-3586115450.4157567
-2193.2663168569165
-626.6475191019763
-2690187889.9539
-1879.9425573059286
-4482043010.877613
-1504077.8300747925
-2193.2663168569165
-602947.091820031
-2193.2663168569165
-1096.6331584284585
-1723.2806775304346
-2193.2663168569165
-2193.2663168569165
-1253.2950382039526
-469.9856393264822
-2193.2663168569165
-2690187889.9539
-2193.2663168569165
-2690187889.9539
-2193.2663168569165
-1409.9569179794466
-1203700.9173232054
-897732015.2046832
-903324.0045716183
-1804454.7428263796
-302570.179068444
-602947.091820031
-898032392.1174347
-2193.2663168569165
-302570.179068444
-898032392.1174347
-1253.2950382039526
-469.9856393264822
-2193.2663168569165
-903324.0045716183
-1723.2806775304346
-898032392.1174347
-1504077.8300747925
-898332769.0301863
-2405208.5683295536
-5377970571.33947
-1804454.7428263796
-1409.9569179794466
-2193.2663168569165
-469.9856393264822
-2193.2663168569165
-1409.9569179794466
-302570.179068444
-2193.2663168569165
-1723.2806775304346
-2193.2663168569165
-1804454.7428263796
-1794260329.492043
-2193.2663168569165
-1504077.8300747925
-897732015.2046832
-2193.2663168569165
-2193.2663168569165
-1203700.9173232054
-2193.2663168569165
-783.3093988774704
-2193.2663168569165
-5377970571.33947
-1879.9425573059286
-1409.9569179794466
-302570.179068444
-2193.2663168569165
-1203700.9173232054
-903324.0045716183
-2193.2663168569165
-5377970571.33947
-903324.0045716183
-4482043010.877613
-2193.2663168569165
-903324.0045716183
-2193.2663168569165
-939.9712786529644
-1879.9425573059286
-1793959952.5792913
-2193.2663168569165
-602947.091820031
0.0
-1203700.9173232054
-302570.179068444
-1794260329.492043
-2193.2663168569165
-2193.2663168569165
-903324.0045716183
-1566.6187977549407
-2193.2663168569165
-3586115450.415756
-302570.179068444
-4482043010.877613
-2193.2663168569165
-5377970571.33947
-602947.091820031
-2193.2663168569165
-2193.2663168569165
-302570.179068444
-1253.2950382039526
-602947.091820031
-626.6475191019763
0.0
-897431638.2919316
-2193.2663168569165
-2193.2663168569165
-897732015.2046832
-897431638.2919315
-3586115450.415756
-602947.091820031
-1793659575.6665397
-1723.2806775304346
-2193.2663168569165
-2193.2663168569165
-2193.2663168569165
-3586115450.415756
-2193.2663168569165
-1203700.9173232054
-2193.2663168569165
-3586115450.415756
-2689887513.041148
-1253.2950382039526
-2193.2663168569165
0.0
-1096.6331584284585
-602947.091820031
-2193.2663168569165
-1793959952.5792913
-74388444812.58574
-2193.2663168569165
-2193.2663168569165
-1566.6187977549407
-302570.179068444
-302570.179068444
-3585815073.503005
-2193.2663168569165
-302570.179068444
-3586115450.4157567
-156.66187977549407
-4481742633.964862
-313.32375955098814
-602947.091820031
-2193.2663168569165
-2193.2663168569165
-2193.2663168569165
-2689587136.1283965
-2689286759.215645
-313.32375955098814
-313.32375955098814
-2193.2663168569165
0.0
-2193.2663168569165
-2193.2663168569165
-602947.091820031
-897431638.2919315
-602947.091820031
-156.66187977549407
-2193.2663168569165
-2193.2663168569165
-2193.2663168569165
-2193.2663168569165
-1096.6331584284585
-1566.6187977549407
-5377970571.33947
-939.9712786529644
-313.32375955098814
-1409.9569179794466
-313.32375955098814
-1096.6331584284585
-2193.2663168569165
-1566.6187977549407
-2193.2663168569165
-4482043010.877613
-1566.6187977549407
-2036.6044370814225
-2193.2663168569165
-302570.179068444
-2193.2663168569165
-2193.2663168569165
-2689587136.1283965
-2193.2663168569165
-2193.2663168569165
-2193.2663168569165
-3585514696.5902534
-1793359198.7537882
0.0
-897131261.37918
-3586115450.4157567
-1409.9569179794466
-903324.0045716183
-2193.2663168569165
-2193.2663168569165
-5377970571.33947
-2193.2663168569165
-1096.6331584284585
-602947.091820031
-2193.2663168569165
-1793058821.8410368
-2193.2663168569165
-2193.2663168569165
-2193.2663168569165
-2193.2663168569165
-2193.2663168569165
-939.9712786529644
-3586115450.415756
-3586115450.415756
-1793659575.6665397
0.0
-2193.2663168569165
-302570.179068444
-4482043010.877613
-1504077.8300747925
-602947.091820031
-3586115450.415756
-4482043010.877613
-2193.2663168569165
-1879.9425573059286
-602947.091820031
-2193.2663168569165
-302570.179068444
-71699160246.63641
-2193.2663168569165
-2193.2663168569165
-302570.179068444
-302570.179068444
-2690187889.9539
-897732015.2046832
-2193.2663168569165
-302570.179068444
-898032392.1174347
-1504077.8300747925
-1566.6187977549407
-1793959952.5792913
-1566.6187977549407
-469.9856393264822
-2193.2663168569165
-302570.179068444
-2193.2663168569165
-2193.2663168569165
-1409.9569179794466
-1793359198.7537885
-156.66187977549407
-896830884.4664284
-71698859869.72366
-2193.2663168569165
-2193.2663168569165
-2193.2663168569165
-2689887513.041148
-2036.6044370814225
-302570.179068444
-1203700.9173232054
-898032392.1174347
-602947.091820031
-898032392.1174347
-1794260329.492043
-3586115450.415756
-302570.179068444
-2193.2663168569165
-2193.2663168569165
-602947.091820031
-302570.179068444
-2193.2663168569165
-1096.6331584284585
-2193.2663168569165
-302570.179068444
-2193.2663168569165
-302570.179068444
-156.66187977549407
-2193.2663168569165
-1794260329.492043
-1504077.8300747925
-1566.6187977549407
-898332769.0301863
-2193.2663168569165
-1203700.9173232054
-2193.2663168569165
-2193.2663168569165
-898332769.0301863
-2193.2663168569165
-2193.2663168569165
-2193.2663168569165
-903324.0045716183
-626.6475191019763
0.0
-2193.2663168569165
-4482043010.877613
-602947.091820031
-2193.2663168569165
-2193.2663168569165
-2690187889.9539
-897431638.2919315
-2193.2663168569165
-2193.2663168569165
-2193.2663168569165
-2193.2663168569165
-2193.2663168569165
-2193.2663168569165
-2193.2663168569165
-1723.2806775304346
-897131261.37918
-302570.179068444
-602947.091820031
-903324.0045716183
-2193.2663168569165
-602947.091820031
-2193.2663168569165
-72595988937.83652
-1879.9425573059286
-2690187889.9539
-903324.0045716183
-1203700.9173232054
-313.32375955098814
-2193.2663168569165
-897431638.2919315
-2690187889.9539
-602947.091820031
-897431638.2919315
-1409.9569179794466
-897431638.2919315
-3586115450.4157567
-302570.179068444
-1879.9425573059286
-3586115450.415756
-2193.2663168569165
-313.32375955098814
-2193.2663168569165
-602947.091820031
-2193.2663168569165
-2193.2663168569165
-71699460623.54916
-2193.2663168569165
-4482043010.877613
-2036.6044370814225
-2193.2663168569165
-626.6475191019763
-2193.2663168569165
-1566.6187977549407
-903324.0045716183
-897732015.2046832
-2193.2663168569165
-2193.2663168569165
-313.32375955098814
-2193.2663168569165
-602947.091820031
-2193.2663168569165
-2193.2663168569165
-302570.179068444
-302570.179068444
-2193.2663168569165
-897732015.2046832
-1203700.9173232054
-2193.2663168569165
-1793959952.5792913
-903324.0045716183
-302570.179068444
-898032392.1174347
-2193.2663168569165
-1096.6331584284585
-1566.6187977549407
-156.66187977549407
-2193.2663168569165
-1723.2806775304346
-1794260329.492043
-4482043010.877613
-313.32375955098814
-2193.2663168569165
-1723.2806775304346
-2193.2663168569165
-1203700.9173232054
-1203700.9173232054
-2690187889.9539
-469.9856393264822
-2193.2663168569165
-5377970571.33947
-302570.179068444
-2193.2663168569165
-2193.2663168569165
-1409.9569179794466
-602947.091820031
-469.9856393264822
-2193.2663168569165
-3586115450.415756
-2193.2663168569165
-897431638.2919315
-3586115450.415756
-1203700.9173232054
-783.3093988774704
-2193.2663168569165
