-73490714442.8308
-896230130.640925
-516498.46922904707
-897131261.3791798
-1919.358027249802
-896529959.7370976
-602673.1835304239
-774016096.8214625
-71698257472.44841
-71699460075.73257
-601851.4586616026
-549.8165792142293
-72594785786.73578
-72594485409.82303
-72594787430.18552
-302570.179068444
-72595087533.18997
-1792458068.0155334
-896229229.8351164
-896229856.7326355
-302296.27077883686
-2193.2663168569165
-2193.2663168569165
-896230130.6409252
-71698259115.89815
-1919.358027249802
-302570.1790684439
-302296.27077883686
-1792457833.0227137
-1919.358027249802
-1409.9569179794466
-1955407006.9808683
-6273597480.980286
-1303604671.3205788
-302570.17906844383
-1344342591.4576364
-325901168.3301447
-6273597754.888576
-651802335.6602894
-407677110.85872203
-6355072772.687821
-2281308175.0610127
-5703270437.027533
-2973848430.6083603
-2810897846.6932874
-4562616349.6220255
-5703270437.277533
-5377669920.518429
-6273898131.801327
-2688686005.390141
-72594487053.27277
-2281308174.8110127
-6680973940.517966
-3014886453.49988
-7169825692.263184
-7169825692.263184
-4481141606.231069
-1629505839.1507235
-3584913942.7647495
-2193.2663168569165
-783.3093988774704
-6232860108.909806
-3259011678.301447
-6273898131.801327
-1504077.8300747925
-313.32375955098814
-688299.0812525867
-2405208.5683295536
-903324.0045716183
-896229543.408876
-896229856.4826354
-302296.27077883674
-2193.2663168569165
-1919.358027249802
0.0
-783.3093988774704
-2193.2663168569165
-2688686005.3901424
-814752919.5753617
-7169825692.263184
-4481141135.99543
-301826.0351395103
-72594487053.27277
-2973848430.60836
-7169825692.263184
-2281308174.8110127
-6273597480.980286
-4114502518.0138664
-7169825692.263184
-5051468101.367243
-3584998746.4376035
-7169825692.263184
-814752919.5753617
-2444258758.726085
-7169825692.263184
-1466555255.235651
-6273597480.980286
-6273597480.980286
-5377369739.183026
-1303604671.3205788
-4236715181.791881
-488851751.745217
-2933110510.4713025
-1466555255.485651
-1344342591.4576364
-302296.27077883686
-3584913942.7647495
-2193.2663168569165
-71698259115.89815
-71698258841.98987
-2193.2663168569165
-896230130.6409249
-302570.1790684439
-2193.2663168569165
-4766304853.674155
-5214418685.282315
-7169825692.263184
-6273597754.888575
-5377369269.697388
-6273597754.888576
-7169825692.263184
-6273597754.888576
-6273597754.888576
-5947996963.971182
-4399665765.706953
-1140654087.4055064
-5947996963.971182
-7169825692.263184
-6273597754.888575
-733578278.6888669
-1792456423.065796
-6192122188.772749
-7169825692.263184
-5377369269.697388
-6029171604.857677
-5214418685.282315
-1303604671.3205788
-7169825692.263184
-4888517517.45217
-6273597754.888576
-1303604671.3205788
-6355072772.687821
-6273597754.888576
-1629505839.4007235
-7169825692.263184
-6518023356.602894
-77075626192.32922
-6192122188.772749
-7169825692.263184
-325901167.8301447
-602947.091820031
-1919.358027249802
-1466555255.735651
-651802335.9102894
-2690101989.6478877
-898032392.1174349
-2104557.7472883593
-896830884.4664284
-2193.2663168569165
-2362784015.0851283
-6029171604.857677
-5540319853.11246
-6273597480.980286
-7169825692.263184
-3910814013.9617367
-4399665765.956953
-7006875108.348111
-3584912846.131592
-4399665765.956953
-4399665765.706953
-3421962262.4665194
-7169825692.263184
-162950583.91507235
-7169825692.263184
-7169825692.263184
-6273597480.980286
-5377369543.605677
-162950583.91507235
-2281308174.8110127
-6273597480.980286
-3096061094.3863745
-5377369269.197388
-7169825692.263184
-4481269908.3735075
-3586115450.4157567
-898032392.1174349
-2104831.6555779665
-1718006.3702353954
-773102.7541059279
0.0
-2104831.6555779665
-2444258758.726085
-162950583.91507235
-897581415.510873
-71700361480.37912
-2405208.5683295536
-4482043010.877613
-1792456423.065796
-1794260329.4920425
-898332769.0301863
-6518023356.602894
-1792456423.065796
-1711281782.1793008
-7006875108.348111
-488851751.745217
-3910814013.9617367
-1466555255.235651
-7169825692.263184
-896228446.7757176
-5540319853.36246
-1140654087.4055064
-1955407007.2308683
-2770159926.55623
-4073764597.8768086
-5377369817.5139675
-6273597754.888575
-6273597480.980286
-6273898131.801327
-5377369543.605678
-1303604671.3205788
-2444258758.726085
-3584912846.131592
-5866221020.942605
-1303604671.3205788
-7169825692.263184
-7169825692.263184
-6273597480.980286
0.0
-6680973940.517966
-6192122188.772749
-6273597754.888576
-3586115450.415756
-257700.9180353093
-5785046380.056109
-7169825692.263184
-1793959678.6710014
-1374405.1461883164
-1975707.038270705
-2405208.5683295536
-1460305.202200086
-601302.1420823884
-2405208.5683295536
-815354221.7174441
-2200133533.9245176
-6273898131.801327
-601302.1420823884
-5377970571.33947
-5703270437.027533
-5377369269.197388
-7169825692.263184
-2933110510.4713025
-7169825692.263184
-6192122188.772749
-4236715181.791881
-7169825692.263184
-6273898131.801327
-6273597480.980286
-7169825692.263184
-7006875108.348111
-5540319853.11246
-1466555255.235651
-2444258758.726085
-2281308174.8110127
-977703503.4904342
-2118357590.8959405
-4481441983.14382
-7169825692.263184
-2770159926.55623
-1303604671.3205788
-2973848430.60836
-7169825692.263184
-7169825692.263184
-2444258758.976085
-2444258758.726085
-4888517517.45217
-3421962262.2165194
-4236715181.791881
-1955407007.2308683
-7169825692.263184
-3096061094.3863745
-7169825692.263184
-6273597480.980286
-6273597480.980286
-7169825692.263184
-1792456423.565796
-4399665765.706953
-651802335.6602894
-6273597480.980286
-5052069403.509325
-651802335.6602894
-7169825692.263184
-6273898131.801327
-651802335.6602894
-2281308174.8110127
-6029171604.857677
-7169825692.263184
-7169825692.263184
-3992589957.2403135
-3585814799.594715
-1804180.8345367725
-859003.3101176977
-1546205.758211856
-898032392.1174349
-2104557.7472883593
-2690187889.9539
-1794260329.4920425
-429501.53005884885
-1116703.9781530069
-171800.61202353952
-2104831.6555779665
-1116704.2281530069
-966652.600922017
-2104557.7472883593
-71700361754.28741
-708951.6828867076
-2104831.6555779665
0.0
-2104831.6555779665
-2405208.5683295536
-343601.4740470791
-2405208.5683295536
-1504077.8300747925
-1181392007.5425642
-6680973940.517966
-5214418685.532315
-1140654087.6555064
-1466555255.235651
-5377669920.518429
-6355072772.687821
-2689242986.5877705
-4482043010.877613
-2405208.5683295536
-71700662131.20016
-898332769.0301864
-2405208.5683295536
-687202.6980941582
-1975707.038270705
-898332769.0301864
-1804454.7428263796
-601302.1420823884
-902188.2059432458
-2405208.5683295536
-2405208.5683295536
-1632105.8142236257
-1202604.2841647768
-5377670194.426719
-6273597754.888576
-7169825692.263184
-5744008357.164591
-6273597480.980286
-1996144927.3679256
-5377669998.599369
-7169825692.263184
-4399665765.706953
-488851751.995217
-1792456423.065796
-4399665765.956953
-488851751.995217
-6273597480.980286
-3421962262.2165194
-5540319853.11246
-4073764597.8768086
-7169825692.263184
-488851751.995217
-5377369543.605677
-5214418685.282315
-6273597754.888576
-5051468101.367243
-2444258758.726085
-6273597480.980286
-3910814013.9617367
-3666688789.160169
-6843924524.433039
0.0
-6273597480.980286
-3096061094.3863745
-4929255437.589228
-2104831.6555779665
-2405208.5683295536
-944903.6161294674
-3586115450.4157567
-814752919.5753617
-162950583.91507235
-977703503.4904342
-7169825692.263184
-7169825692.263184
-2405208.5683295536
-2405208.5683295536
-1288504.8401765465
-71700662131.20016
-2083356.5790750242
-1718006.1202353954
-2037182950.0094454
-3259011678.301447
-162950583.91507235
-3625650766.518649
-1466555255.485651
-4399665765.706953
-7169825692.263184
-488851751.745217
-162950583.91507235
-7169825692.263184
-859003.0601176977
-687202.6980941582
-4359229044.957516
-7169825692.263184
-6273597754.888576
-2810897846.6932874
-5377970571.33947
-6355072772.687821
-2690187889.9538994
-2405208.5683295536
-2104831.6555779665
-5581057773.249517
-4481441709.235531
-5051468101.367243
-71699760726.55362
-2405208.5683295536
-2852537171.9768896
-2688985285.669735
-2405208.5683295536
-1761504.5898204946
-2405208.5683295536
-1224353.5189573264
-1460305.202200086
-1202760.9460445524
-1825655.661039715
-3585814799.594715
-4888517517.70217
-7169825692.263184
-4236715181.791881
-651802335.6602894
-7169825692.263184
-6273898131.801327
-6273898131.801327
-6273597480.980286
-4725566933.537098
-7169825692.263184
-4399665765.956953
-1804454.7428263796
-2405208.5683295536
-3259612980.443529
-7169825692.263184
-7169825692.263184
-3747863430.046664
-6843924524.433039
-4888517517.70217
-6273597754.888576
-7169825692.263184
-162950583.91507235
-7169825692.263184
-6273597480.980286
-5377670194.426718
-3096061094.3863745
-171800.86202353952
-7169825692.263184
-5377669920.518429
-5540319853.11246
-5214418685.282315
-488851752.245217
-7169825692.263184
-4481441709.235531
-7169825692.263184
-814752919.5753617
-7169825692.263184
-5051468101.367243
-6518023356.602894
-7169825692.263184
-6680973940.517966
-5214418685.282315
-7169825692.263184
-896357061.9919156
-7169825692.263184
-7169825692.263184
-3096061094.3863745
-3259011678.801447
-5214418685.282315
-1466555255.235651
-7169825692.263184
-6273597754.888576
-1466555255.485651
-896271161.9359038
-2200133533.9245176
-3584912846.131592
-1466555255.235651
-5703270437.277533
-6518023356.602894
-2444258758.726085
-5622095796.141037
-4888517517.45217
-6273597480.980286
-3259011678.301447
-7169825692.263184
-6273898131.801327
-4236715181.791881
-1955407007.2308683
-7169825692.263184
-5540319853.11246
-5703270437.027533
-7169825692.263184
-3747863430.046664
-977703503.4904342
-7169825692.263184
-2405208.5683295536
-3586115450.4157567
-6518023356.602894
-814752919.5753617
-1804180.8345367725
-896230130.6409249
-2193.2663168569165
-7169825692.263184
-0.25
-71700662131.20016
-2405208.5683295536
-429501.78005884885
-2689286759.215645
-7169825692.263184
-7169825692.263184
-6273898131.801327
-6273597754.888576
-5214418685.282315
-6273597480.980286
-6273597480.980286
-6273597480.980286
-6273597480.980286
-5377369817.513967
-3584913942.7647495
-5377369269.197388
-2607209342.6411576
-6273898131.801327
-7169825692.263184
-488851751.745217
-4888517517.45217
-4277453101.928939
-7169825692.263184
-7169825692.263184
-6273898131.801327
-6273597754.888576
-3259011678.301447
-2118357590.8959405
-6273597754.888575
-4073764597.8768086
-3096061094.3863745
-1629505839.4007235
-7169825692.263184
-3421962262.2165194
-1955407007.2308683
-7169825692.263184
-2281308174.8110127
-2118357591.1459405
-7169825692.263184
-2281308174.8110127
-5051468101.367243
-5214418685.282315
-651802335.6602894
-7169825692.263184
-2444258758.726085
-1919.358027249802
-896230130.6409252
-7006875108.348111
-7006875108.348111
-5214418685.282315
-5377669920.518429
-6192122188.772749
-977703503.4904342
-5377669920.518429
-5377369543.605678
-6680973940.517966
-3584913668.85646
-2193.2663168569165
-156.66187977549407
-71698259115.89815
-156.66187977549407
-71698259115.89815
-2193.2663168569165
-71698259115.89815
-936966679.9865348
-6273597480.980286
-2770159926.80623
-7169825692.263184
-1874232366.3443732
-5377670194.426718
-651802335.6602894
-1303604671.3205788
-6273597754.888576
-7169825692.263184
-6273597480.980286
-4725566933.537098
-7169825692.263184
-6273597754.888575
-488851751.745217
-2688686005.3901415
-896229229.8351164
-7169825692.263184
-4236715181.791881
-6273597754.888575
-4399665766.206953
-6273898131.801327
-7006875108.348111
-7169825692.263184
-2933110510.4713025
-1629505839.1507235
-6273597480.980286
-7169825692.263184
-3584913629.4409904
-71698259115.89815
-2193.2663168569165
-3585214319.6775017
-6273898131.801327
-1710981679.4248388
-939.9712786529644
-1548031095.5097666
-302570.179068444
-1919.358027249802
-1723.2806775304346
-1919.358027249802
-71698559492.8109
-313.32375955098814
-1919.358027249802
-3584913668.8564606
-5377369817.5139675
-72594487053.27277
-71698259115.89815
-72594487053.27277
-71698259115.89815
-156.66187977549407
-1955407006.9808683
-7169825692.263184
-2688686005.390141
-898032392.1174349
-1804454.7428263796
-1792458068.015534
-71698259115.89815
-71698259115.89815
-1919.358027249802
-2193.2663168569165
-2193.2663168569165
-6273597754.888575
-4440403686.094011
-896230130.6409249
-1504077.8300747925
-2405208.5683295536
-688299.0812525868
-1804454.7428263796
-2405208.5683295536
-1793959952.5792916
-2193.2663168569165
-7169825692.263184
-1792458068.0155337
-71698259115.89815
-783.3093988774704
-1919.358027249802
-626.6475191019763
-1793959678.671002
-6355072772.687821
-6273597754.888576
-3421962262.2165194
-2193.2663168569165
-2193.2663168569165
-2193.2663168569165
-1879.9425573059286
-4481141880.1393585
-6273898131.801327
-896230130.6409248
-4481141880.1393585
-651802335.6602894
-814752920.0753617
-5377669920.518429
-7169825692.263184
-6273597754.888575
-4725566933.787098
-72594787430.18552
-2036.6044370814225
-313.32375955098814
-6273597754.888575
-3096061094.3863745
-7169825692.263184
-1629505839.1507235
-7169825692.263184
-6192122188.772749
-7169825692.263184
-3096061094.3863745
-2444258758.726085
-7169825692.263184
-7169825692.263184
-5785046380.056109
-1303604671.3205788
-1466555255.485651
-2444258758.726085
-1409.9569179794466
-3585214045.7692122
-4481141332.32278
-71698258841.98987
-2193.2663168569165
-2193.2663168569165
-1396154.130980866
-773102.7541059279
-302452.6826586123
-2193.2663168569165
-71698859321.90707
-2193.2663168569165
-2193.2663168569165
-71698259115.89815
-3096062191.019533
-7169825692.263184
-6273597480.980286
-896228446.5257176
-896229856.7326353
-71698259115.89815
-2193.2663168569165
-898032392.1174349
-898332769.0301863
-2405208.5683295536
-1504077.8300747925
-2193.2663168569165
-1919.358027249802
-71698559492.8109
-302570.1790684439
-72594487053.27277
-5906958941.079662
-1955407006.9808683
-7169825692.263184
-1466555255.235651
-1792456423.065796
-7169825692.263184
-2118357590.8959405
-977703503.4904342
-7169825692.263184
-2607209342.6411576
-7169825692.263184
-5377369817.513967
-162950584.16507235
-2104831.6555779665
-1203700.9173232054
-896229856.7326355
-897323714.5928377
-571830299.0579592
-5214418685.782315
-6273597480.980286
-896230130.6409248
-1253.2950382039526
-2193.2663168569165
-2193.2663168569165
-469.9856393264822
-71698559492.8109
-896830884.4664284
-7169825692.263184
-4236715181.791881
-6273898131.801327
-5540319853.11246
-3584913942.7647495
-6192122188.772749
-4562616349.6220255
-651802335.9102894
-6273898131.801327
-1792714123.9838312
-7169825692.263184
-325901167.8301447
-4073764597.8768086
-7169825692.263184
-4725566933.537098
-5377669920.518429
-7169825692.263184
0.0
-7169825692.263184
-4888517517.70217
-3747863430.046664
-6273898131.801327
-7006875108.348111
-6273597480.980286
-2688686005.390141
-5295894525.556431
-5377369817.5139675
-2444258758.726085
-6273597480.980286
-6273597480.980286
-5377970571.33947
-6273597754.888575
-7169825692.263184
-4562616349.6220255
-651802335.9102894
-7169825692.263184
-2444258758.726085
-6680973940.517966
-7169825692.263184
-4888517517.70217
-325901167.8301447
-3421962262.2165194
-7169825692.263184
-4888517517.45217
-1792456423.065796
-7169825692.263184
-5377369543.605677
-5377369543.605677
-3584912846.131592
-6273597480.980286
-2933110510.7213025
0.0
-7169825692.263184
-5866221020.942605
-6843924524.433039
-7169825692.263184
-6192122188.772749
-3340787621.3300242
-1792456423.065796
-2118357590.8959405
-6069909524.994734
-5377369543.605678
-1629505839.1507235
-162950583.91507235
-85900.30601176976
-71700361480.37912
-1142457993.8317535
-5214418685.282315
-0.5
-7169825692.263184
-1955407007.2308683
-6273597754.888575
-651802335.6602894
-4399665765.956953
-488851751.745217
-2444258758.976085
-5703270437.027533
-2281308174.8110127
-5744008357.16459
-1996144927.1179261
-2037182950.0094454
-6843924524.433039
-3096061094.6363745
-774317295.709083
-2770159926.55623
-6273597754.888576
-4481141880.139359
-71698259115.89815
-469.9856393264822
-156.66187977549407
-1792458068.0155332
-1874232366.0943732
-3910814013.9617367
-7169825692.263184
-651802335.6602894
-5703270437.027533
-6273898131.801327
-2607209342.6411576
-7169825692.263184
-6273597754.888575
-4562616349.8720255
-4073764598.1268086
-6273597754.888576
-6273597754.888575
-7169825692.263184
-5703270437.277533
-1303604671.3205788
-4725566933.537098
-3584912846.131592
-156.66187977549407
-5377369543.605677
-814752919.5753617
-651802335.9102894
-2688727584.7517
-5377369543.605678
-6273898131.801327
-7169825692.263184
-1466555255.235651
-6518023356.602894
-7169825692.263184
-814752919.8253617
-4725566933.787098
-1140654087.4055064
-4155540540.905386
-4725566933.537098
-6273597480.980286
-1955407007.2308683
-6273898131.801327
-7169825692.263184
-1670243759.2877812
-6273597754.888575
-7169825692.263184
-4888517517.45217
-325901167.8301447
-7169825692.263184
-2688686005.3901424
-1303604671.3205788
-7169825692.263184
-5377369543.605677
-2444258758.976085
-3421962262.2165194
-5377369269.197388
-5377369817.513967
-7169825692.263184
-7169825692.263184
-896230130.6409252
-2770159926.55623
-4073764597.8768086
-2193.2663168569165
-302570.17906844395
-1253.7950382039526
-896230130.6409248
-2193.2663168569165
-1792458068.0155334
-4481141606.23107
-2690187889.9539
-4725566933.537098
-1466555255.485651
-1303604671.3205788
-5866221020.942605
-1629505839.1507235
-2607209342.6411576
-3585214319.6775017
-4481441983.14382
-301982.6970192859
-896229856.7326354
-2193.2663168569165
-1919.358027249802
-73490714990.64737
-1919.358027249802
-2193.2663168569165
-71698258841.98987
-2193.2663168569165
-73490714990.64737
-1919.358027249802
-1262867847.8166795
-7169825692.263184
-4481141880.1393585
-4481441709.235531
-6273898131.801327
-7169825692.263184
-7169825692.263184
-3096061094.3863745
-0.25
-7169825692.263184
-7006875108.348111
-7006875108.348111
-2281308174.8110127
-5418107189.334445
-5377369817.513967
-1792456423.065796
-4644392292.650603
-4481269908.1235075
-7169825692.263184
-7169825692.263184
-2444258758.976085
-7169825692.263184
-1833194343.4528534
-6680973940.517966
-4725566933.537098
-4766304853.674155
-5092206021.5043
-162950583.91507235
-6273597480.980286
-325901168.0801447
-7169825692.263184
-6273898131.801327
-325901167.8301447
-6029171605.107677
-488851751.745217
-6273597480.980286
-171800.61202353952
-3584912846.381592
-6029171604.857677
-7169825692.263184
-1955407006.9808683
-6273597754.888576
-7169825692.263184
-5377369543.605677
-6273597480.980286
-1140654087.4055064
-7169825692.263184
-5866221020.942605
-3584912846.131592
-6273597480.980286
-5540319853.11246
-4236715181.791881
-6273597754.888575
-4399665765.706953
-7169825692.263184
-7169825692.263184
-7169825692.263184
-3910814013.9617367
-2688986382.3028936
-156.66187977549407
-4481141880.1393585
-602673.1835304239
-2193.2663168569165
-896530233.6453869
-2193.2663168569165
-1804454.7428263796
-601302.1420823884
-171800.61202353952
-2405208.5683295536
-2104831.6555779665
-2104557.7472883593
-2104557.7472883593
-2405208.5683295536
-898332769.0301863
-898332769.0301864
0.0
-1919.358027249802
-72594487053.27277
-1804180.8345367725
-2104557.7472883593
-2405208.5683295536
-2690187889.9539
-2405208.5683295536
-2405208.5683295536
-3586115450.4157567
-1803906.4262471653
-2405208.5683295536
-2104557.7472883593
-898032392.1174349
-898332769.0301863
-1718006.1202353954
-898032118.2091451
-4482043010.877613
0.0
-1792458068.015534
-6273597754.888575
-4481742360.056572
-5377369543.605677
-3586115450.4157567
-859003.0601176977
-2405208.5683295536
-2405208.5683295536
-2405208.5683295536
-1504077.8300747925
-1203427.0090335982
-1203700.9173232054
-902031.5440634703
-1919.358027249802
-2104557.7472883593
-2405208.5683295536
-1202917.6079243277
-1793058547.9327471
-898332769.0301864
-343601.2240470791
-429501.78005884885
-2405208.5683295536
-2405208.5683295536
-897817367.1941158
-2405208.5683295536
-898032392.1174346
-2405208.5683295536
-343601.2240470791
-859003.0601176977
-2405208.5683295536
-163551886.05715474
-602947.0918200313
-602947.0918200312
-2405208.5683295536
-2405208.5683295536
0.0
-257701.1680353093
-1288504.5901765465
-2689887239.1328588
-171800.86202353952
-1224353.5189573264
-898332769.0301864
-2104831.6555779665
-1203700.9173232054
-2193.2663168569165
-2193.2663168569165
-1792458068.0155334
-1504077.8300747925
-1504077.8300747925
-75283170591.4883
-896230130.640925
-896229856.7326355
-0.25
-2405208.5683295536
-4481742360.056572
-897130713.5626007
0.0
0.0
-1224353.5189573264
-2104557.7472883593
-898332769.0301864
-171800.61202353952
-71700361480.37912
-2104831.6555779665
-897130164.9960216
-171800.61202353952
-1138453.2129455565
-2405208.5683295536
-515401.8360706186
-2405208.5683295536
-898032392.1174349
-898332769.0301863
-72596289314.74927
-1794260329.492043
-2405208.5683295536
-2405208.5683295536
-2405208.5683295536
-2405208.5683295536
-2104831.6555779665
-2405208.5683295536
-2405208.5683295536
-2405208.5683295536
-897301965.3580452
-2104831.6555779665
-1794260329.492043
-898032392.1174349
-2405208.5683295536
-898332769.0301864
-2104557.7472883593
-2405208.5683295536
-343601.2240470791
-2689887239.1328588
-1030803.6721412372
-74387543134.0309
-2689587136.1283965
-1793959952.5792913
-2104557.7472883593
-1793659575.66654
-2104831.6555779665
-2689587136.1283965
-2405208.5683295536
-2405208.5683295536
-2104831.6555779665
-429501.53005884885
-2104831.6555779665
-859003.3101176977
-257700.9180353093
-2689887513.041148
-2405208.5683295536
-71699761000.46191
-2104557.7472883593
-2405208.5683295536
-2104557.7472883593
-897732015.2046832
-1116704.2281530069
-1567954.7430044054
-1825655.661039715
-2405208.5683295536
0.0
-429501.53005884885
-2405208.5683295536
-2405208.5683295536
-2405208.5683295536
-1288504.8401765465
-898332769.0301865
-897645566.5820922
-1546205.508211856
-1804180.8345367725
-2405208.5683295536
-2405208.5683295536
-2147507.6502942443
-2104831.6555779665
-1288504.5901765465
-2405208.5683295536
-2104557.7472883593
-73491315470.56459
-687202.6980941582
-897732015.2046831
-2405208.5683295536
-2405208.5683295536
-515401.8360706186
-898332769.0301864
-2688985834.4863143
-1460305.202200086
-1825655.661039715
-2405208.5683295536
-898332769.0301863
-2104831.6555779665
-1202604.5341647768
-2104635.828228247
-1739755.355027945
-571228996.9158767
-2405208.5683295536
-2104557.7472883593
-2405208.5683295536
-1889806.732258935
-898032392.1174347
-2405208.5683295536
-898332769.0301864
-257700.9180353093
-897559666.2760805
-1794260329.492043
-1793659301.7582502
-896786563.5219744
-171800.61202353952
-898332769.0301865
-623051.3768749379
-2104557.7472883593
-2104557.7472883593
-429501.53005884885
-896594110.3083167
-898032392.1174347
-1202760.9460445524
-898032392.1174349
-2104557.7472883593
-515401.8360706186
-1793959952.5792913
-1793680776.5847533
-687202.4480941582
-2405208.5683295536
-2405208.5683295536
-898332769.0301863
-1803906.4262471653
-1803906.9262471653
-2405208.5683295536
-343601.4740470791
-164754490.34131953
-2405208.5683295536
-1060682051.0531763
-2405208.5683295536
-1825655.661039715
-2104557.7472883593
-2061607.3442824746
-2405208.5683295536
-2147507.6502942443
-2405208.5683295536
-897817367.1941158
-2405208.5683295536
-601302.3920823884
-1911555.9670514846
-2104831.6555779665
-2104831.6555779665
-85900.30601176976
-1460305.202200086
-1116703.9781530069
-2147507.6502942443
-2405208.5683295536
-4481742360.056572
-257701.1680353093
-300886.56386085745
-2405208.5683295536
-2405208.5683295536
-1503803.9217851853
-2405208.5683295536
-601302.1420823884
-71700061377.37466
-2104557.7472883593
-73491916224.39009
-2405208.5683295536
-2405208.5683295536
-898332769.0301863
-773103.0041059279
-1396154.130980866
-1793959678.671002
-2690187889.9539
-2147507.6502942443
-2405208.5683295536
-515401.8360706186
-2405208.5683295536
-1503530.0134955782
-1460305.202200086
-1803906.4262471653
-171800.61202353952
-2690187889.9539
-2405208.5683295536
-1567954.7430044054
-898032392.1174347
-1632105.8142236257
-2690187889.9539
-898332769.0301864
-944903.3661294674
-2104557.7472883593
-2405208.5683295536
-1202760.9460445524
-490054356.0293818
-2405208.5683295536
-2405208.5683295536
-898332769.0301863
-1460305.202200086
-2104831.6555779665
-602947.091820031
-72596289314.74927
-1030803.6721412372
-85900.30601176976
-601302.1420823884
-1803906.4262471653
-74387844058.76024
-2104831.6555779665
-898332769.0301863
-859003.0601176977
-898332769.0301863
-2104831.6555779665
-85900.30601176976
-1546205.508211856
-897431090.4753524
-2319308.2623177837
-2405208.5683295536
-4482043010.877613
-898332769.0301864
-896528862.8539392
-1975707.038270705
-1546205.508211856
-2405208.5683295536
-898332769.0301863
-898332769.0301864
-2405208.5683295536
-2061607.3442824746
-1202604.2841647768
-3585814799.5947156
-1718006.1202353954
-2405208.5683295536
-2405208.5683295536
-257700.9180353093
-1504077.8300747925
-896530507.5536767
-783.3093988774704
-602947.091820031
-302570.1790684439
-897131261.3791801
-1504077.8300747925
-898032392.1174349
-1138453.7129455565
-1160202.4477381061
-1889806.982258935
-2405208.5683295536
-74387543407.9392
-1803906.4262471653
-2233407.956306014
-1803906.4262471653
-1288504.5901765465
-1803906.4262471653
-2104831.6555779665
-1889806.732258935
-2104831.6555779665
-2104831.6555779665
-1310253.824969096
-897323714.8428377
-1632105.8142236257
-1794260329.492043
-2319308.2623177837
-2690187889.9539
-2689587136.1283965
-2319308.2623177837
-326502469.9722271
-2405208.5683295536
-898332769.0301864
-2690187889.9539
-898332769.0301863
-82978547.31274214
-6273898131.801327
-903324.0045716183
-1804454.7428263796
-896530507.5536765
-1203700.9173232054
-452347.3980098269
-896830884.4664284
-85900.30601176976
-1804180.8345367725
-171800.86202353952
-85900.30601176976
-898032392.1174347
-2104557.7472883593
-5377669920.518429
-898332769.0301863
-898332769.0301865
-1374404.8961883164
-2405208.5683295536
-2405208.5683295536
-1546205.508211856
-897731467.3881041
-2405208.5683295536
-2104557.7472883593
-898032118.2091451
-601302.1420823884
-1030803.6721412372
-300652.8210411942
-21749.234792549556
-300926.7293308013
-515402.5860706186
-71699760178.73705
-1202605.2841647768
-1793659301.7582502
-773102.7541059279
-1803906.9262471653
-2405208.5683295536
-2405208.5683295536
-1503256.105205971
-3586115450.4157567
-1803906.6762471653
-3585814799.594715
-3586115450.415756
-1138453.2129455565
-944903.3661294674
-1804454.7428263796
-2233407.956306014
-859003.0601176977
-2689586588.311817
-2104557.7472883593
-74388144435.67299
-1804180.8345367725
-1804454.7428263796
-1288504.5901765465
-171800.86202353952
-71699761000.46191
-2405208.5683295536
-2405208.5683295536
-2405208.5683295536
-2405208.5683295536
-2405208.5683295536
-2104831.6555779665
-1503530.0134955782
-2405208.5683295536
-898332769.0301864
-1030803.6721412372
-2104557.7472883593
-171800.61202353952
-85900.30601176976
-2104831.6555779665
-75283470694.49275
-1793959952.5792913
-343601.2240470791
-897753216.1228964
-2405208.5683295536
-897559666.2760804
-2104557.7472883593
-429501.53005884885
-1203700.9173232054
-130495.40875529734
-602947.091820031
-897431638.2919315
-4481742633.964862
-515401.8360706186
-898332769.0301863
-2147507.6502942443
-2104557.7472883593
-1794260329.492043
-1030803.6721412372
-2690187889.9539
-1546205.758211856
-898032392.1174349
-897732015.2046832
-897131261.37918
-1203700.9173232054
0.0
-72595988937.83652
-5377970571.33947
-343601.2240470791
-898332769.0301864
-1332003.3097616457
-898332769.0301863
-2405208.5683295536
-1794260329.492043
-1203700.9173232054
-1504077.8300747925
-859003.3101176977
-1804454.7428263796
-859003.0601176977
-2405208.5683295536
-2104831.6555779665
-1567954.7430044054
-601302.1420823884
-2405208.5683295536
-1889806.732258935
-1794260329.492043
-602947.091820031
-156.66187977549407
-902501.5297027968
-2233407.956306014
-2405208.5683295536
-898032118.2091453
-429501.53005884885
-1889806.982258935
-515402.0860706186
-571830299.3079592
-903324.0045716183
-898032392.1174347
-257700.9180353093
-2104831.6555779665
-601302.1420823884
-1761504.5898204946
-897732015.2046832
-602947.091820031
-2104831.6555779665
-897732015.2046832
-1794260329.492043
-1794260329.492043
-1504077.8300747925
-897732015.2046832
-687202.4480941582
-1202604.2841647768
-2104831.6555779665
-1116703.9781530069
-2405208.5683295536
-1793358650.9372091
-280546.78598628734
-1203700.9173232054
-897732015.2046832
-2689586862.220107
-1793659575.66654
-1793058821.8410363
-3585514422.681964
-708951.6828867077
-1794260329.492043
-1718006.1202353954
-898332769.0301863
-2690187889.9539
0.0
-1374404.8961883164
-2405208.5683295536
-245929131.2278145
-601302.3920823884
-944903.6161294674
-896830884.4664284
-368442994.3934496
-1460305.202200086
