-343601.2240470791
-71700662131.20016
-2405208.5683295536
-687202.4480941582
-171800.61202353952
-429501.53005884885
-944903.3661294674
-489453054.8872994
-627.6475191019763
-627.3975191019763
-2193.2663168569165
-71698257472.44841
-313.32375955098814
-2193.2663168569165
-2193.2663168569165
-71698259115.89815
-71698259115.89815
-71698259115.89815
-2193.2663168569165
-2193.2663168569165
-2193.2663168569165
-2193.2663168569165
-1253.2950382039526
-156.91187977549407
-7006875108.348111
-977703503.4904342
-1792456424.565796
-74386941558.48053
-896228213.282898
-71698256924.63184
-2.0
-2.0
-901954.4631235825
-687202.4480941582
-2405208.5683295536
-2405208.5683295536
-2405208.5683295536
-2405208.5683295536
-2405208.5683295536
-1116703.9781530069
-1975707.038270705
-2405208.5683295536
-2405208.5683295536
-2405208.5683295536
-2405208.5683295536
-2405208.5683295536
-2405208.5683295536
-2233407.956306014
0.0
-2405208.5683295536
-2319308.2623177837
-2405208.5683295536
-2405208.5683295536
-71700662131.20016
-1546205.508211856
-2405208.5683295536
-1889806.732258935
-773102.7541059279
-2405208.5683295536
-2405208.5683295536
-2405208.5683295536
-2405208.5683295536
-2405208.5683295536
-257700.9180353093
-1288504.5901765465
-2405208.5683295536
-1632105.8142236257
-71700662131.20016
-2147507.6502942443
-1546205.508211856
-1460305.202200086
-687202.4480941582
-71700662131.20016
-2405208.5683295536
-687202.4480941582
-2405208.5683295536
-2405208.5683295536
-1374404.8961883164
-2405208.5683295536
-2405208.5683295536
-1202604.2841647768
-2405208.5683295536
-1030803.6721412372
-2233407.956306014
-859003.0601176977
-2405208.5683295536
-1546205.508211856
-1288504.5901765465
-71700662131.20016
-2405208.5683295536
-2061607.3442824746
-2405208.5683295536
-2405208.5683295536
-1632105.8142236257
-2405208.5683295536
-2405208.5683295536
-2405208.5683295536
-2405208.5683295536
-2405208.5683295536
-1374404.8961883164
-71700662131.20016
-2319308.2623177837
-2405208.5683295536
-2405208.5683295536
-2405208.5683295536
-2405208.5683295536
-2405208.5683295536
-2405208.5683295536
-601302.1420823884
-2405208.5683295536
-2405208.5683295536
-2405208.5683295536
-773102.7541059279
-2405208.5683295536
-85900.30601176976
-2405208.5683295536
-2405208.5683295536
-2405208.5683295536
-1546205.508211856
-2405208.5683295536
-2405208.5683295536
-2405208.5683295536
-2405208.5683295536
-2405208.5683295536
-2405208.5683295536
-257700.9180353093
-2405208.5683295536
-257700.9180353093
-2405208.5683295536
-2405208.5683295536
-71700662131.20016
-171800.61202353952
-601302.1420823884
-1116703.9781530069
-2405208.5683295536
-343601.2240470791
-515401.8360706186
-1116703.9781530069
-2405208.5683295536
-2405208.5683295536
-1889806.732258935
-1546205.508211856
-2233407.956306014
-2405208.5683295536
-2405208.5683295536
-2405208.5683295536
-343601.2240470791
-1202604.2841647768
-2405208.5683295536
-1116703.9781530069
-2405208.5683295536
-687202.4480941582
-2405208.5683295536
-2405208.5683295536
-1632105.8142236257
-2405208.5683295536
-1632105.8142236257
-1116703.9781530069
-601302.1420823884
-2405208.5683295536
-1030803.6721412372
-2405208.5683295536
-2233407.956306014
-2405208.5683295536
-1460305.202200086
-2405208.5683295536
-2405208.5683295536
-1975707.038270705
-71700662131.20016
-2061607.3442824746
-1374404.8961883164
-2405208.5683295536
-1202604.2841647768
-859003.0601176977
-71700662131.20016
-687202.4480941582
-1718006.1202353954
-2405208.5683295536
-1374404.8961883164
-944903.3661294674
-2405208.5683295536
-1030803.6721412372
-2281909476.953095
-3096061094.3863745
-162950583.91507235
-4725566933.537098
-6843924524.433039
-3586115450.415756
-2405208.5683295536
-171800.61202353952
-2319308.2623177837
-2282510779.0951777
-5377970571.33947
-7169825692.263184
-7169825692.263184
-814752919.5753617
-3421962262.2165194
-2281308174.8110127
-3584912846.131592
-5377970571.33947
-7169825692.263184
-7169825692.263184
-1955407006.9808683
-6273898131.801327
-4482043010.877613
-773102.7541059279
-7169825692.263184
-429501.53005884885
-6273898131.801327
-7169825692.263184
-6192122188.772749
-5703270437.027533
-7169825692.263184
-488851751.745217
-5540319853.11246
-7169825692.263184
-3584912846.131592
-7169825692.263184
-4725566933.537098
-488851751.745217
-2771362530.840395
-1223632634.7182486
-7169825692.263184
-7169825692.263184
-773102.7541059279
-1116703.9781530069
-1630107141.292806
-4074365900.018891
-7169825692.263184
-6843924524.433039
-7169825692.263184
-3747863430.046664
-7169825692.263184
-7169825692.263184
-7169825692.263184
-3259011678.301447
-7169825692.263184
-7169825692.263184
-7169825692.263184
-7169825692.263184
-1629505839.1507235
-6355072772.687821
-6518023356.602894
-325901167.8301447
-1466555255.235651
-7169825692.263184
-977703503.4904342
-4725566933.537098
-977703503.4904342
-5866221020.942605
-7169825692.263184
-7169825692.263184
0.0
-7169825692.263184
-6518023356.602894
-2281308174.8110127
-7169825692.263184
-7006875108.348111
-7169825692.263184
-1955407006.9808683
-7169825692.263184
-7169825692.263184
-7169825692.263184
-5703270437.027533
-2118357590.8959405
-7169825692.263184
0.0
-3259011678.301447
-6843924524.433039
-6355072772.687821
-7169825692.263184
-1140654087.4055064
-1303604671.3205788
-1466555255.235651
-6029171604.857677
-2607209342.6411576
-5214418685.282315
-2444258758.726085
-3910814013.9617367
-7169825692.263184
-7169825692.263184
-7169825692.263184
-4725566933.537098
-1792456423.065796
-3910814013.9617367
-5214418685.282315
-3421962262.2165194
-1466555255.235651
-7169825692.263184
-488851751.745217
-1466555255.235651
-7169825692.263184
-5866221020.942605
-488851751.745217
-7169825692.263184
-7169825692.263184
-7006875108.348111
-1303604671.3205788
0.0
-7169825692.263184
-7169825692.263184
-2281308174.8110127
-1303604671.3205788
-7169825692.263184
-7169825692.263184
-5214418685.282315
-5866221020.942605
-7169825692.263184
-4725566933.537098
-7169825692.263184
-325901167.8301447
-5377369269.197388
-7169825692.263184
-4399665765.706953
-7169825692.263184
-162950583.91507235
-7169825692.263184
-5214418685.282315
-3747863430.046664
-3259011678.301447
-4399665765.706953
-4236715181.791881
-6029171604.857677
-1955407006.9808683
-7169825692.263184
-7169825692.263184
-488851751.745217
-1955407006.9808683
-7006875108.348111
-6355072772.687821
-3259011678.301447
-7169825692.263184
-6192122188.772749
-1629505839.1507235
-3584912846.131592
-7169825692.263184
-5377369269.197388
-7169825692.263184
-7169825692.263184
-7169825692.263184
-1303604671.3205788
-7169825692.263184
0.0
-4562616349.6220255
-6355072772.687821
-1140654087.4055064
-162950583.91507235
-7169825692.263184
-2281308174.8110127
-7169825692.263184
-7169825692.263184
-6355072772.687821
-7169825692.263184
-5866221020.942605
-4236715181.791881
-7169825692.263184
-7169825692.263184
-6518023356.602894
-2607209342.6411576
-3910814013.9617367
-5377369269.197388
-4562616349.6220255
-7169825692.263184
-162950583.91507235
-1466555255.235651
-7169825692.263184
-7169825692.263184
-4399665765.706953
-2118357590.8959405
-1466555255.235651
-5051468101.367243
-3747863430.046664
-5214418685.282315
-7169825692.263184
-488851751.745217
-4562616349.6220255
-2607209342.6411576
-3096061094.3863745
-1466555255.235651
-2444258758.726085
-2933110510.4713025
-7169825692.263184
-3910814013.9617367
-2770159926.55623
-7169825692.263184
-7169825692.263184
-7169825692.263184
-7169825692.263184
-1303604671.3205788
-4399665765.706953
-977703503.4904342
-6843924524.433039
-7169825692.263184
-6355072772.687821
-3096061094.3863745
-7169825692.263184
-7169825692.263184
0.0
-5540319853.11246
-488851751.745217
-1140654087.4055064
-6518023356.602894
-4399665765.706953
-2444258758.726085
-5051468101.367243
-7169825692.263184
-7169825692.263184
-325901167.8301447
-3421962262.2165194
0.0
-4399665765.706953
-651802335.6602894
-7169825692.263184
-7169825692.263184
-4236715181.791881
-7006875108.348111
-7169825692.263184
-2770159926.55623
-7169825692.263184
-977703503.4904342
-7169825692.263184
-7169825692.263184
-7169825692.263184
-1466555255.235651
-1629505839.1507235
-651802335.6602894
-814752919.5753617
-7169825692.263184
-5703270437.027533
-7169825692.263184
-7169825692.263184
-5051468101.367243
-7006875108.348111
-1303604671.3205788
-6680973940.517966
-488851751.745217
-7169825692.263184
-5540319853.11246
-7169825692.263184
-5703270437.027533
-7169825692.263184
-4562616349.6220255
-7169825692.263184
-2770159926.55623
-7169825692.263184
0.0
-4562616349.6220255
-3259011678.301447
-7169825692.263184
-5377369269.197388
-2281308174.8110127
-1140654087.4055064
-7169825692.263184
-5377369269.197388
-2607209342.6411576
-1629505839.1507235
-6355072772.687821
-7169825692.263184
-2118357590.8959405
-6192122188.772749
-7169825692.263184
-5051468101.367243
-4073764597.8768086
-488851751.745217
-6355072772.687821
-4725566933.537098
-2118357590.8959405
-7006875108.348111
-7169825692.263184
-5377369269.197388
-1303604671.3205788
-6680973940.517966
-2607209342.6411576
-6680973940.517966
-7169825692.263184
-5214418685.282315
-325901167.8301447
-7169825692.263184
0.0
-7169825692.263184
-6680973940.517966
-7169825692.263184
-4725566933.537098
-4725566933.537098
-7169825692.263184
-7006875108.348111
-2933110510.4713025
-4236715181.791881
-7169825692.263184
-2770159926.55623
-1792456423.065796
-2933110510.4713025
-6843924524.433039
-6029171604.857677
-7169825692.263184
-1140654087.4055064
-2118357590.8959405
-3421962262.2165194
-1303604671.3205788
-7169825692.263184
-7169825692.263184
-7169825692.263184
-3421962262.2165194
-162950583.91507235
-977703503.4904342
-7169825692.263184
-6029171604.857677
-2933110510.4713025
-4399665765.706953
-7169825692.263184
-7169825692.263184
-7169825692.263184
-162950583.91507235
-7169825692.263184
-5214418685.282315
-7169825692.263184
-7169825692.263184
-7169825692.263184
-3584912846.131592
-2770159926.55623
-7169825692.263184
-7169825692.263184
-2118357590.8959405
-7169825692.263184
-7169825692.263184
-3096061094.3863745
-7169825692.263184
-7169825692.263184
-6355072772.687821
-325901167.8301447
-7169825692.263184
-7169825692.263184
-1955407006.9808683
-7169825692.263184
-488851751.745217
-4482043010.877613
-2405208.5683295536
-2319308.2623177837
-429501.53005884885
-1794260329.492043
-3586115450.4157567
-7169825692.263184
-5377970571.33947
-1546205.508211856
-3586115450.4157567
-1803906.4262471653
-2405208.5683295536
-4482043010.877613
-2405208.5683295536
-1288504.5901765465
-2405208.5683295536
-2147507.6502942443
-1460305.202200086
-343601.2240470791
-1794260329.492043
-2405208.5683295536
-6273898131.801327
-1718006.1202353954
-1718006.1202353954
-2405208.5683295536
-171800.61202353952
-6273898131.801327
-2405208.5683295536
-2405208.5683295536
-859003.0601176977
-2405208.5683295536
-2405208.5683295536
-1718006.1202353954
-2405208.5683295536
-2319308.2623177837
-2147507.6502942443
-2405208.5683295536
-1202604.2841647768
-2405208.5683295536
-171800.61202353952
-2405208.5683295536
-2405208.5683295536
-2061607.3442824746
-2061607.3442824746
-1374404.8961883164
-898332769.0301863
-2405208.5683295536
-171800.61202353952
-343601.2240470791
-601302.1420823884
-171800.61202353952
-171800.61202353952
-898332769.0301863
-5377970571.33947
-3586115450.4157567
-2405208.5683295536
-687202.4480941582
-2405208.5683295536
-1202604.2841647768
-1632105.8142236257
-85900.30601176976
-2405208.5683295536
-2405208.5683295536
-2405208.5683295536
-2405208.5683295536
-5377970571.33947
-4482043010.877613
-2405208.5683295536
-2147507.6502942443
-5377970571.33947
-1202604.2841647768
-6273898131.801327
-7169825692.263184
-2405208.5683295536
-1546205.508211856
-2405208.5683295536
-1460305.202200086
-1202604.2841647768
-2405208.5683295536
-2405208.5683295536
-1975707.038270705
-1632105.8142236257
-2061607.3442824746
-2405208.5683295536
-2405208.5683295536
-1803906.4262471653
-2405208.5683295536
-2405208.5683295536
-5377970571.33947
-2405208.5683295536
-2405208.5683295536
-2405208.5683295536
-2405208.5683295536
-1794260329.492043
-1803906.4262471653
-1546205.508211856
-1803906.4262471653
-2405208.5683295536
-2061607.3442824746
-2405208.5683295536
-2405208.5683295536
-2690187889.9539
-4482043010.877613
-1889806.732258935
-1632105.8142236257
-2405208.5683295536
-2405208.5683295536
-687202.4480941582
-1803906.4262471653
-3586115450.415756
-85900.30601176976
-1288504.5901765465
-76180299933.50945
-2405208.5683295536
-2405208.5683295536
-4482043010.877613
-1632105.8142236257
-4482043010.877613
-2405208.5683295536
-5377970571.33947
-601302.1420823884
-687202.4480941582
-3586115450.4157567
-2405208.5683295536
-6273898131.801327
-2405208.5683295536
-2405208.5683295536
-3586115450.415756
-2405208.5683295536
-171800.61202353952
-1202604.2841647768
-2405208.5683295536
-944903.3661294674
-2405208.5683295536
-601302.1420823884
-687202.4480941582
-2405208.5683295536
-2405208.5683295536
-343601.2240470791
-429501.53005884885
-2405208.5683295536
-773102.7541059279
-1202604.2841647768
-687202.4480941582
-2405208.5683295536
-2405208.5683295536
-2405208.5683295536
-1718006.1202353954
-1202604.2841647768
-2405208.5683295536
-2405208.5683295536
-2405208.5683295536
-257700.9180353093
-2405208.5683295536
-2405208.5683295536
-85900.30601176976
-2405208.5683295536
-2405208.5683295536
-2405208.5683295536
-2405208.5683295536
-1202604.2841647768
-2233407.956306014
-2405208.5683295536
-71700662131.20016
-2405208.5683295536
-1975707.038270705
-2405208.5683295536
-2405208.5683295536
-2319308.2623177837
-2405208.5683295536
-2405208.5683295536
-1718006.1202353954
-2405208.5683295536
-2405208.5683295536
-2405208.5683295536
-257700.9180353093
-2405208.5683295536
-71700662131.20016
-2405208.5683295536
-71700662131.20016
-2405208.5683295536
-2319308.2623177837
-2405208.5683295536
-71700662131.20016
-2405208.5683295536
-898332769.0301863
-2061607.3442824746
-2405208.5683295536
-1889806.732258935
-515401.8360706186
-1632105.8142236257
-2405208.5683295536
-898332769.0301863
-601302.1420823884
-1202604.2841647768
-2405208.5683295536
-1030803.6721412372
-2405208.5683295536
-2405208.5683295536
-1794260329.492043
-2405208.5683295536
-2405208.5683295536
-2233407.956306014
-2405208.5683295536
-2405208.5683295536
-2405208.5683295536
-2405208.5683295536
-1460305.202200086
-4482043010.877613
-1632105.8142236257
-2147507.6502942443
-2233407.956306014
-2405208.5683295536
-898332769.0301863
-515401.8360706186
-1546205.508211856
-2405208.5683295536
-2405208.5683295536
-1202604.2841647768
-898332769.0301863
-2405208.5683295536
-2405208.5683295536
-601302.1420823884
-171800.61202353952
-2405208.5683295536
-6273898131.801327
-2405208.5683295536
-859003.0601176977
-1546205.508211856
-2405208.5683295536
-898332769.0301863
-2405208.5683295536
-2405208.5683295536
-2405208.5683295536
-2405208.5683295536
-2147507.6502942443
-2405208.5683295536
0.0
-1794260329.492043
-2405208.5683295536
-1975707.038270705
-515401.8360706186
-1460305.202200086
-1030803.6721412372
-2405208.5683295536
-4482043010.877613
-944903.3661294674
-2405208.5683295536
-601302.1420823884
-2405208.5683295536
-2405208.5683295536
-2405208.5683295536
-1794260329.492043
-898332769.0301863
-85900.30601176976
-773102.7541059279
-1975707.038270705
-687202.4480941582
-2405208.5683295536
-2405208.5683295536
-4482043010.877613
-898332769.0301863
-1889806.732258935
-171800.61202353952
-2405208.5683295536
-6273898131.801327
-2690187889.9539
-2405208.5683295536
-2405208.5683295536
-2405208.5683295536
-2405208.5683295536
-85900.30601176976
-1794260329.492043
-2405208.5683295536
-898332769.0301863
-898332769.0301863
-2405208.5683295536
-5377970571.33947
-2405208.5683295536
-5377970571.33947
0.0
-1030803.6721412372
-2405208.5683295536
-687202.4480941582
-5377970571.33947
-257700.9180353093
-343601.2240470791
-2405208.5683295536
-2405208.5683295536
-773102.7541059279
-3586115450.4157567
-2405208.5683295536
-2405208.5683295536
-2405208.5683295536
-1975707.038270705
-2405208.5683295536
-1975707.038270705
-2061607.3442824746
-2405208.5683295536
-5377970571.33947
-515401.8360706186
-2405208.5683295536
-6273898131.801327
-2690187889.9539
-2405208.5683295536
-2405208.5683295536
-3586115450.415756
-2405208.5683295536
-515401.8360706186
-257700.9180353093
-2405208.5683295536
-859003.0601176977
-2405208.5683295536
-1975707.038270705
-429501.53005884885
-2690187889.9539
-1803906.4262471653
-2405208.5683295536
-2405208.5683295536
-2690187889.9539
-1794260329.492043
-257700.9180353093
-2690187889.9539
-2405208.5683295536
-171800.61202353952
-2690187889.9539
-257700.9180353093
-2405208.5683295536
-2690187889.9539
-2405208.5683295536
-343601.2240470791
-1803906.4262471653
-6273898131.801327
-2405208.5683295536
-2405208.5683295536
-1460305.202200086
-2405208.5683295536
-2405208.5683295536
-1460305.202200086
-1116703.9781530069
-944903.3661294674
-2319308.2623177837
-1794260329.492043
-515401.8360706186
-6273898131.801327
-7169825692.263184
-1889806.732258935
-2405208.5683295536
-2405208.5683295536
-859003.0601176977
-2405208.5683295536
-898332769.0301863
-2405208.5683295536
-2405208.5683295536
-2405208.5683295536
-2405208.5683295536
-6273898131.801327
-2405208.5683295536
-2147507.6502942443
-898332769.0301863
-1030803.6721412372
-2405208.5683295536
-2061607.3442824746
-171800.61202353952
-5377970571.33947
-2405208.5683295536
-85900.30601176976
-2405208.5683295536
-2405208.5683295536
-2405208.5683295536
-859003.0601176977
-6273898131.801327
-687202.4480941582
-1889806.732258935
-2405208.5683295536
-1889806.732258935
-2405208.5683295536
-1718006.1202353954
-1794260329.492043
-2061607.3442824746
-2147507.6502942443
-2405208.5683295536
-2405208.5683295536
-2405208.5683295536
-2405208.5683295536
-1803906.4262471653
-1794260329.492043
-2405208.5683295536
-2405208.5683295536
-515401.8360706186
-5377970571.33947
-2405208.5683295536
-2405208.5683295536
-2690187889.9539
-687202.4480941582
-944903.3661294674
-2405208.5683295536
-1794260329.492043
-898332769.0301863
-2405208.5683295536
-85900.30601176976
-2405208.5683295536
-1794260329.492043
-2405208.5683295536
-5377970571.33947
-1460305.202200086
-2405208.5683295536
-2405208.5683295536
-1546205.508211856
-2405208.5683295536
-1889806.732258935
-2405208.5683295536
-1794260329.492043
-1632105.8142236257
-1202604.2841647768
-257700.9180353093
-1116703.9781530069
-2405208.5683295536
-2690187889.9539
-4482043010.877613
-2405208.5683295536
-1889806.732258935
-2405208.5683295536
-2319308.2623177837
-2405208.5683295536
-2690187889.9539
-1889806.732258935
-5377970571.33947
-2405208.5683295536
-5377970571.33947
-2405208.5683295536
-2405208.5683295536
-1794260329.492043
-5377970571.33947
-2405208.5683295536
-2405208.5683295536
-1116703.9781530069
-601302.1420823884
-2405208.5683295536
-2405208.5683295536
-4482043010.877613
-2405208.5683295536
-2405208.5683295536
-2147507.6502942443
-6273898131.801327
-2405208.5683295536
-2405208.5683295536
-2405208.5683295536
-2405208.5683295536
-773102.7541059279
-1202604.2841647768
-4482043010.877613
-2405208.5683295536
-687202.4480941582
-2405208.5683295536
-3586115450.415756
-2061607.3442824746
-1803906.4262471653
-1202604.2841647768
-3586115450.415756
-2405208.5683295536
-5377970571.33947
-898332769.0301863
-2405208.5683295536
-2405208.5683295536
0.0
-2405208.5683295536
-2405208.5683295536
-2405208.5683295536
-1803906.4262471653
-1718006.1202353954
-4482043010.877613
-2405208.5683295536
-2405208.5683295536
-5377970571.33947
-1030803.6721412372
-2405208.5683295536
-2405208.5683295536
-2405208.5683295536
-1803906.4262471653
-429501.53005884885
-4482043010.877613
-2405208.5683295536
-2405208.5683295536
-2405208.5683295536
-171800.61202353952
-2405208.5683295536
-2405208.5683295536
-2690187889.9539
-1975707.038270705
-1030803.6721412372
-1889806.732258935
-687202.4480941582
-2405208.5683295536
-1116703.9781530069
-3586115450.415756
-2405208.5683295536
-1632105.8142236257
-1803906.4262471653
-2233407.956306014
-2405208.5683295536
-2405208.5683295536
-85900.30601176976
-2405208.5683295536
-2690187889.9539
-859003.0601176977
-4482043010.877613
-2405208.5683295536
-2405208.5683295536
-2405208.5683295536
-2405208.5683295536
-2690187889.9539
-1546205.508211856
-1632105.8142236257
-2405208.5683295536
-2405208.5683295536
-2405208.5683295536
-2061607.3442824746
-944903.3661294674
-601302.1420823884
-1718006.1202353954
-2405208.5683295536
-2405208.5683295536
-2405208.5683295536
-2405208.5683295536
-5377970571.33947
-2405208.5683295536
-2405208.5683295536
-1975707.038270705
-2405208.5683295536
-2405208.5683295536
-2405208.5683295536
0.0
-687202.4480941582
-3586115450.415756
-2405208.5683295536
-1030803.6721412372
-1794260329.492043
-2405208.5683295536
-2405208.5683295536
-1374404.8961883164
-944903.3661294674
-429501.53005884885
-2405208.5683295536
-2405208.5683295536
-1794260329.492043
-2405208.5683295536
-2405208.5683295536
-1794260329.492043
-2405208.5683295536
-429501.53005884885
-85900.30601176976
-2061607.3442824746
-944903.3661294674
-1374404.8961883164
-2690187889.9539
-2405208.5683295536
-2405208.5683295536
-773102.7541059279
-2405208.5683295536
-2405208.5683295536
-2405208.5683295536
-898332769.0301863
-2405208.5683295536
-2405208.5683295536
-898332769.0301864
-3586115450.415756
-2405208.5683295536
-2405208.5683295536
-515401.8360706186
-2405208.5683295536
-2405208.5683295536
-2405208.5683295536
-2405208.5683295536
-1202604.2841647768
-2405208.5683295536
-2405208.5683295536
-2233407.956306014
-2405208.5683295536
-2405208.5683295536
-944903.3661294674
-1288504.5901765465
-85900.30601176976
-429501.53005884885
-2405208.5683295536
-2405208.5683295536
-2405208.5683295536
-898332769.0301863
-1202604.2841647768
-2690187889.9539
-2405208.5683295536
-72596589691.66202
-773102.7541059279
-2405208.5683295536
-2405208.5683295536
-898332769.0301863
-2405208.5683295536
-1116703.9781530069
-2319308.2623177837
-944903.3661294674
-2405208.5683295536
-2061607.3442824746
-4482043010.877613
-2405208.5683295536
-3586115450.415756
-1116703.9781530069
-2405208.5683295536
-1794260329.492043
-2405208.5683295536
-2405208.5683295536
-687202.4480941582
-2405208.5683295536
-1202604.2841647768
-1803906.4262471653
-2405208.5683295536
-1889806.732258935
-2233407.956306014
-2405208.5683295536
-343601.2240470791
-2233407.956306014
-343601.2240470791
-5377970571.33947
-2405208.5683295536
-601302.1420823884
-1794260329.492043
-2405208.5683295536
-2405208.5683295536
-2405208.5683295536
-1030803.6721412372
-2405208.5683295536
-1116703.9781530069
-5377970571.33947
-429501.53005884885
-2405208.5683295536
-1803906.4262471653
-2405208.5683295536
-1794260329.492043
-2405208.5683295536
-2405208.5683295536
-687202.4480941582
-687202.4480941582
-1803906.4262471653
-2405208.5683295536
-2405208.5683295536
-2405208.5683295536
-687202.4480941582
-2405208.5683295536
-2690187889.9539
-2147507.6502942443
-2405208.5683295536
-2405208.5683295536
-5377970571.33947
-2233407.956306014
-2405208.5683295536
-2690187889.9539
-2405208.5683295536
-2405208.5683295536
-2405208.5683295536
-1460305.202200086
-5377970571.33947
-2405208.5683295536
-429501.53005884885
-1632105.8142236257
-601302.1420823884
-2690187889.9539
-5377970571.33947
-2405208.5683295536
-1116703.9781530069
-2405208.5683295536
-1116703.9781530069
-1546205.508211856
-1718006.1202353954
-2405208.5683295536
-2405208.5683295536
-2405208.5683295536
-2405208.5683295536
-2405208.5683295536
-1546205.508211856
-1288504.5901765465
-2405208.5683295536
-1975707.038270705
-2405208.5683295536
-2405208.5683295536
-1794260329.492043
-2405208.5683295536
-6273898131.801327
-1794260329.492043
-2690187889.9539
-1116703.9781530069
-2405208.5683295536
-2405208.5683295536
-2405208.5683295536
-4482043010.877613
-2405208.5683295536
-1202604.2841647768
-2405208.5683295536
-1116703.9781530069
-85900.30601176976
-257700.9180353093
-2233407.956306014
-85900.30601176976
-2405208.5683295536
-2405208.5683295536
-2233407.956306014
-601302.1420823884
-2405208.5683295536
-2405208.5683295536
-1889806.732258935
-2405208.5683295536
-2405208.5683295536
-5377970571.33947
-2405208.5683295536
-257700.9180353093
-2405208.5683295536
-3586115450.415756
-2405208.5683295536
-515401.8360706186
-2061607.3442824746
-2405208.5683295536
-687202.4480941582
-859003.0601176977
-687202.4480941582
-2405208.5683295536
-2405208.5683295536
-1116703.9781530069
-1374404.8961883164
-2405208.5683295536
-2405208.5683295536
-1718006.1202353954
-2405208.5683295536
-2405208.5683295536
-1975707.038270705
-1803906.4262471653
-2405208.5683295536
-2405208.5683295536
-4482043010.877613
-1288504.5901765465
-1546205.508211856
-2405208.5683295536
-1632105.8142236257
-2405208.5683295536
-2405208.5683295536
-1975707.038270705
-2405208.5683295536
-1718006.1202353954
-2405208.5683295536
-1374404.8961883164
-2405208.5683295536
-2405208.5683295536
-343601.2240470791
0.0
-2405208.5683295536
-2405208.5683295536
-2405208.5683295536
-2233407.956306014
-601302.1420823884
0.0
-1546205.508211856
-2405208.5683295536
-2405208.5683295536
-3586115450.415756
-2405208.5683295536
-2405208.5683295536
-2319308.2623177837
-3586115450.415756
-5377970571.33947
-3586115450.415756
-1718006.1202353954
-85900.30601176976
-1793959678.671002
-2405208.5683295536
-2405208.5683295536
-2405208.5683295536
-2061607.3442824746
-2405208.5683295536
-2405208.5683295536
-1975707.038270705
-6273597480.980286
-2319308.2623177837
-2405208.5683295536
-859003.0601176977
-2405208.5683295536
-2405208.5683295536
-85900.30601176976
-85900.30601176976
-898332769.0301863
-1975707.038270705
-1803906.4262471653
-1546205.508211856
-1116703.9781530069
-2405208.5683295536
-1374404.8961883164
-2405208.5683295536
-2405208.5683295536
-1546205.508211856
-2405208.5683295536
-4482043010.877613
-2405208.5683295536
-1794260329.492043
-1030803.6721412372
-2405208.5683295536
-1632105.8142236257
-1374404.8961883164
-898332769.0301863
-2405208.5683295536
-515401.8360706186
0.0
-2405208.5683295536
-2405208.5683295536
-1794260329.492043
-2405208.5683295536
-2405208.5683295536
-2405208.5683295536
-898332769.0301863
-74388444812.58574
-76180299933.50945
-898332769.0301863
-2405208.5683295536
-2405208.5683295536
-2405208.5683295536
-343601.2240470791
-2405208.5683295536
-1794260329.492043
-773102.7541059279
-2405208.5683295536
-515401.8360706186
-2405208.5683295536
-85900.30601176976
0.0
-601302.1420823884
-2405208.5683295536
-2405208.5683295536
-2405208.5683295536
-2690187889.9539
-1460305.202200086
-2405208.5683295536
-2405208.5683295536
-2405208.5683295536
-1288504.5901765465
-2405208.5683295536
-2405208.5683295536
-3586115450.415756
-2405208.5683295536
-1718006.1202353954
-2405208.5683295536
-859003.0601176977
-2690187889.9539
-5377970571.33947
-2405208.5683295536
-2405208.5683295536
-2405208.5683295536
-2405208.5683295536
-1803906.4262471653
-1374404.8961883164
-2405208.5683295536
-2405208.5683295536
-1803906.4262471653
-2405208.5683295536
-2233407.956306014
-2405208.5683295536
-2405208.5683295536
-2405208.5683295536
-1803906.4262471653
-1460305.202200086
0.0
-898332769.0301863
-5377970571.33947
-5377970571.33947
-2405208.5683295536
-5377970571.33947
-2405208.5683295536
-1794260329.492043
-2405208.5683295536
-2233407.956306014
-2405208.5683295536
-898332769.0301863
-2405208.5683295536
-1288504.5901765465
-2405208.5683295536
-2405208.5683295536
-2405208.5683295536
-2405208.5683295536
-6273898131.801327
-1794260329.492043
-1794260329.492043
-2405208.5683295536
-343601.2240470791
-2405208.5683295536
-2405208.5683295536
-2405208.5683295536
-2405208.5683295536
-1889806.732258935
-2405208.5683295536
-2405208.5683295536
-1374404.8961883164
-1975707.038270705
-2405208.5683295536
-2405208.5683295536
-4482043010.877613
-2405208.5683295536
-1794260329.492043
-3586115450.415756
-773102.7541059279
-171800.61202353952
-2405208.5683295536
-1030803.6721412372
-5377970571.33947
-2405208.5683295536
-2405208.5683295536
-1116703.9781530069
-2405208.5683295536
-5377669920.518429
-1793959678.671002
-3585814799.594715
-2405208.5683295536
-171800.61202353952
-2147507.6502942443
-429501.53005884885
-2405208.5683295536
-6273597480.980286
-1546205.508211856
-1116703.9781530069
-2405208.5683295536
0.0
-2405208.5683295536
-515401.8360706186
-1116703.9781530069
-2405208.5683295536
-1889806.732258935
-1546205.508211856
-6273597480.980286
-1202604.2841647768
-1718006.1202353954
-1030803.6721412372
-2405208.5683295536
-773102.7541059279
-2405208.5683295536
-2405208.5683295536
-2405208.5683295536
-343601.2240470791
-2405208.5683295536
-2104557.7472883593
-2405208.5683295536
-171800.61202353952
-2405208.5683295536
-2104831.6555779665
-1460305.202200086
-2405208.5683295536
-1803906.4262471653
-898032392.1174347
-944903.3661294674
-2104831.6555779665
-2405208.5683295536
-773102.7541059279
-2405208.5683295536
-2405208.5683295536
-2405208.5683295536
-429501.53005884885
-859003.0601176977
-85900.30601176976
-429501.53005884885
-2405208.5683295536
-2405208.5683295536
-2689887513.041148
-5377369817.513967
