-814752919.5753617
-4236715181.791881
-7169825692.263184
-3747863430.046664
-7169825692.263184
-5214418685.282315
-7169825692.263184
-1792456423.065796
-903324.0045716183
-71698257198.54013
-71698557575.45288
-2147507.6502942443
-1116703.9781530069
-2405208.5683295536
-2405208.5683295536
-2405208.5683295536
-2405208.5683295536
-171800.61202353952
-2405208.5683295536
-2405208.5683295536
-515401.8360706186
-429501.53005884885
-2405208.5683295536
-2405208.5683295536
-2405208.5683295536
-2405208.5683295536
-2319308.2623177837
-2405208.5683295536
-2405208.5683295536
-71700662131.20016
-1288504.5901765465
-7169825692.263184
-488851751.745217
-2405208.5683295536
-2405208.5683295536
-6273898131.801327
-2233407.956306014
-429501.53005884885
-1288504.5901765465
-571830299.0579592
-4481441708.735531
-859003.0601176977
-2405208.5683295536
-85900.30601176976
-2405208.5683295536
-773102.7541059279
-2405208.5683295536
-2405208.5683295536
-2405208.5683295536
-2405208.5683295536
-85900.30601176976
-429501.53005884885
-2405208.5683295536
-171800.61202353952
-2405208.5683295536
-1460305.202200086
-2405208.5683295536
-2405208.5683295536
-2405208.5683295536
-2405208.5683295536
-2405208.5683295536
-2405208.5683295536
-2405208.5683295536
-2405208.5683295536
-2405208.5683295536
-2405208.5683295536
-2405208.5683295536
-2405208.5683295536
-71700662131.20016
-1546205.508211856
-601302.1420823884
-2405208.5683295536
-2405208.5683295536
-2405208.5683295536
-2405208.5683295536
-1374404.8961883164
-2147507.6502942443
-2405208.5683295536
-1632105.8142236257
-1303604671.3205788
-1955407006.9808683
0.0
-2405208.5683295536
-2147507.6502942443
-1803906.4262471653
-71700662131.20016
-2405208.5683295536
-859003.0601176977
-2405208.5683295536
-2405208.5683295536
-898332769.0301863
-3585771849.1917095
-2405208.5683295536
-1374404.8961883164
-1711883084.3213832
-7169825692.263184
-7169825692.263184
-7169825692.263184
-651802335.6602894
-1975707.038270705
-2405208.5683295536
-85900.30601176976
-2405208.5683295536
-2405208.5683295536
-1718006.1202353954
-4318491124.820458
-7169825692.263184
-2405208.5683295536
-2405208.5683295536
-2405208.5683295536
-1803906.4262471653
-1803906.4262471653
-2405208.5683295536
-898332769.0301863
-3910814013.9617367
-7169825692.263184
-1140654087.4055064
-773102.7541059279
-2405208.5683295536
-2405208.5683295536
-2405208.5683295536
-2405208.5683295536
-2405208.5683295536
-944903.3661294674
-1374404.8961883164
-2690187889.9539
-1629505839.1507235
-4073764597.8768086
-977703503.4904342
-5214418685.282315
-7169825692.263184
-898332769.0301863
-4888517517.45217
-1546205.508211856
-978304805.6325165
-6273898131.801327
-1803906.4262471653
-2405208.5683295536
-2405208.5683295536
-71700662131.20016
-2405208.5683295536
-2405208.5683295536
-2405208.5683295536
-2405208.5683295536
-651802335.6602894
-2405208.5683295536
-815354221.7174441
-6192122188.772749
-7169825692.263184
-2405208.5683295536
-2405208.5683295536
-1546205.508211856
0.0
-2690187889.9539
-5703270437.027533
-4399665765.706953
-3747863430.046664
-7169825692.263184
-7169825692.263184
-7169825692.263184
-2690187889.9539
-898332769.0301865
-2405208.5683295536
-1460305.202200086
-687202.4480941582
-2405208.5683295536
-3666688789.160169
-3829639373.0752416
-4807342876.565676
-1793057725.207878
-7169825692.263184
-5377970571.33947
-2405208.5683295536
-515401.8360706186
-2690187889.9539
-3259612980.443529
-6273898131.801327
-1632105.8142236257
-1546205.508211856
-343601.2240470791
-1630107141.292806
-1060080748.6610938
-6273898131.801327
-6273898131.801327
-6273898131.801327
-3911415316.103819
-343601.2240470791
-6273898131.801327
-6273898131.801327
-1875434970.3785381
-2690187889.9539
-6273898131.801327
-6273898131.801327
-246530433.36989686
-5377970571.33947
-2771362530.840395
-4482043010.877613
0.0
-1116703.9781530069
-5377970571.33947
-687202.4480941582
-71700662131.20016
-2405208.5683295536
-4482043010.877613
-7169825692.263184
-2061607.3442824746
-1794260329.492043
-3586115450.4157567
-5377970571.33947
-3993191259.1323957
-1793659027.3499608
-327705074.2563919
-816556826.0016088
-7169825692.263184
-7169825692.263184
-1718006.1202353954
-3586115450.4157567
0.0
-2405208.5683295536
-1794260329.492043
-4482043010.877613
-1288504.5901765465
0.0
-1546205.508211856
-3423164866.5006843
-1141856691.6896713
-343601.2240470791
-2405208.5683295536
-1975707.038270705
-1794260329.492043
-2690187889.9539
-171800.61202353952
-1632105.8142236257
-898332769.0301863
-2405208.5683295536
-898332769.0301863
-2147507.6502942443
-1202604.2841647768
-2405208.5683295536
-2690187889.9539
-2405208.5683295536
-1288504.5901765465
-2405208.5683295536
-3586115450.4157567
-7169825692.263184
-1803906.4262471653
-429501.53005884885
-1975707.038270705
-1460305.202200086
-1546205.508211856
-5377970571.33947
-898332769.0301863
-2405208.5683295536
-6273898131.801327
-687202.4480941582
-4482043010.877613
-429501.53005884885
-3586115450.4157567
-6273898131.801327
-3586115450.4157567
-859003.0601176977
-6273898131.801327
-5377970571.33947
-687202.4480941582
-1975707.038270705
-2405208.5683295536
-1288504.5901765465
-4482043010.877613
-2405208.5683295536
-1202604.2841647768
-4482043010.877613
-2405208.5683295536
-2233407.956306014
-2405208.5683295536
-7169825692.263184
-1794260329.492043
-2405208.5683295536
-944903.3661294674
-1374404.8961883164
-773102.7541059279
-171800.61202353952
-859003.0601176977
-2405208.5683295536
-1975707.038270705
-171800.61202353952
-5377970571.33947
-2405208.5683295536
-1632105.8142236257
-3586115450.4157567
-2405208.5683295536
-2405208.5683295536
-2405208.5683295536
-2405208.5683295536
-2405208.5683295536
-2405208.5683295536
-2405208.5683295536
-85900.30601176976
-2405208.5683295536
-2147507.6502942443
-2690187889.9539
-2405208.5683295536
-2405208.5683295536
-2405208.5683295536
-2405208.5683295536
-773102.7541059279
-898332769.0301863
-2405208.5683295536
-2405208.5683295536
-2405208.5683295536
-2405208.5683295536
-2405208.5683295536
-1460305.202200086
-2405208.5683295536
-429501.53005884885
-2405208.5683295536
-2405208.5683295536
-898332769.0301863
-1975707.038270705
-1889806.732258935
-5377970571.33947
-898332769.0301863
-2405208.5683295536
-1202604.2841647768
-2405208.5683295536
-2405208.5683295536
-5377970571.33947
-2405208.5683295536
-2405208.5683295536
-1889806.732258935
-2061607.3442824746
-2405208.5683295536
-859003.0601176977
-2147507.6502942443
-4482043010.877613
-773102.7541059279
-515401.8360706186
-2405208.5683295536
-2405208.5683295536
-2405208.5683295536
-1030803.6721412372
-2405208.5683295536
-257700.9180353093
-2405208.5683295536
-1803906.4262471653
-6273898131.801327
-2405208.5683295536
-2319308.2623177837
-2405208.5683295536
-343601.2240470791
-257700.9180353093
-2405208.5683295536
-2147507.6502942443
-2405208.5683295536
-7169825692.263184
-1632105.8142236257
-1632105.8142236257
-257700.9180353093
-1794260329.492043
-2405208.5683295536
-687202.4480941582
-6273898131.801327
-85900.30601176976
-2690187889.9539
-2147507.6502942443
-2405208.5683295536
-2405208.5683295536
-5377970571.33947
-601302.1420823884
-4482043010.877613
-2405208.5683295536
-2405208.5683295536
-5377970571.33947
-1794260329.492043
-1632105.8142236257
-7169825692.263184
-257700.9180353093
-1632105.8142236257
-601302.1420823884
-1460305.202200086
-6273898131.801327
-2405208.5683295536
-2405208.5683295536
-2061607.3442824746
0.0
-898332769.0301863
-2405208.5683295536
-2405208.5683295536
-257700.9180353093
-2405208.5683295536
-4482043010.877613
-171800.61202353952
-2405208.5683295536
-687202.4480941582
-1030803.6721412372
-2147507.6502942443
-2405208.5683295536
-343601.2240470791
-1546205.508211856
-859003.0601176977
-2405208.5683295536
-1803906.4262471653
-2405208.5683295536
-2690187889.9539
-4482043010.877613
-773102.7541059279
-2405208.5683295536
-1794260329.492043
-257700.9180353093
-2147507.6502942443
-2405208.5683295536
-1794260329.492043
-2405208.5683295536
-1460305.202200086
-2405208.5683295536
-3586115450.415756
-1803906.4262471653
-773102.7541059279
-2405208.5683295536
-2405208.5683295536
-2405208.5683295536
-2405208.5683295536
-1116703.9781530069
-85900.30601176976
-2405208.5683295536
-3586115450.415756
-5377970571.33947
-2405208.5683295536
-1794260329.492043
-6273898131.801327
-1794260329.492043
-2405208.5683295536
-2405208.5683295536
-85900.30601176976
-1889806.732258935
-3586115450.4157567
0.0
-2405208.5683295536
-429501.53005884885
-601302.1420823884
-2405208.5683295536
-2405208.5683295536
-1803906.4262471653
-2690187889.9539
-2405208.5683295536
-2405208.5683295536
-2405208.5683295536
-1794260329.492043
-2405208.5683295536
-2405208.5683295536
-343601.2240470791
-2147507.6502942443
-1794260329.492043
-2405208.5683295536
-429501.53005884885
-2405208.5683295536
-2405208.5683295536
-2405208.5683295536
-515401.8360706186
-2405208.5683295536
-2405208.5683295536
-944903.3661294674
-2405208.5683295536
-1374404.8961883164
-85900.30601176976
-75284372373.04759
-2405208.5683295536
-1374404.8961883164
-2405208.5683295536
-773102.7541059279
-2405208.5683295536
-2405208.5683295536
-6273898131.801327
-2405208.5683295536
-2690187889.9539
-2405208.5683295536
-2405208.5683295536
-2405208.5683295536
-944903.3661294674
-2405208.5683295536
-2405208.5683295536
-2405208.5683295536
-2061607.3442824746
-3586115450.4157567
-2405208.5683295536
-1718006.1202353954
-2319308.2623177837
-2405208.5683295536
-1116703.9781530069
-2405208.5683295536
-76180299933.50945
-5377970571.33947
-2405208.5683295536
-2405208.5683295536
-7169825692.263184
-2147507.6502942443
-2405208.5683295536
-2405208.5683295536
-2405208.5683295536
-1975707.038270705
-257700.9180353093
-1546205.508211856
-2061607.3442824746
-898332769.0301863
-2405208.5683295536
-1718006.1202353954
-2405208.5683295536
-343601.2240470791
-2319308.2623177837
-2061607.3442824746
-515401.8360706186
-5377970571.33947
-2405208.5683295536
-2405208.5683295536
-2405208.5683295536
-1288504.5901765465
-2690187889.9539
-1546205.508211856
-2405208.5683295536
-2405208.5683295536
-2405208.5683295536
-898032118.2091451
-2405208.5683295536
-2405208.5683295536
-2405208.5683295536
-3586115450.415756
-2405208.5683295536
-859003.0601176977
-1202604.2841647768
-2405208.5683295536
-2405208.5683295536
-171800.61202353952
-1202604.2841647768
-4481742360.056572
-2405208.5683295536
-2405208.5683295536
-2405208.5683295536
-343601.2240470791
-1374404.8961883164
-77075926843.15027
-2405208.5683295536
-2405208.5683295536
-2405208.5683295536
-2405208.5683295536
-5377669920.518429
-2405208.5683295536
-1632105.8142236257
-2405208.5683295536
-2405208.5683295536
-2405208.5683295536
-1374404.8961883164
-5377369269.697388
-2405208.5683295536
-1793358377.0289195
-1803906.4262471653
-2405208.5683295536
-687202.4480941582
-687202.4480941582
-2405208.5683295536
-171800.61202353952
-3585514148.773674
-3585514148.773674
-2319308.2623177837
-2405208.5683295536
-1718006.1202353954
-2405208.5683295536
-687202.4480941582
-601302.1420823884
-2405208.5683295536
-2405208.5683295536
-2405208.5683295536
-2104557.7472883593
-1793358377.0289195
-2405208.5683295536
-2405208.5683295536
-85900.30601176976
-1030803.6721412372
-2405208.5683295536
-898032118.2091451
-2405208.5683295536
-2233407.956306014
-257700.9180353093
-2061607.3442824746
-2405208.5683295536
-1374404.8961883164
-2061607.3442824746
-859003.0601176977
-515401.8360706186
-2233407.956306014
-4482043010.877613
-1803906.4262471653
-2405208.5683295536
-2405208.5683295536
-2147507.6502942443
-2405208.5683295536
-1889806.732258935
-2405208.5683295536
-2405208.5683295536
-2405208.5683295536
-2405208.5683295536
-2405208.5683295536
-2405208.5683295536
-898332769.0301863
-1794260329.492043
-2405208.5683295536
-5377970571.33947
-2405208.5683295536
-1374404.8961883164
-2405208.5683295536
-2405208.5683295536
-2319308.2623177837
-2405208.5683295536
-2690187889.9538994
-1975707.038270705
0.0
-1460305.202200086
0.0
-429501.53005884885
-898332769.0301863
-1803906.4262471653
-2405208.5683295536
0.0
-2405208.5683295536
-859003.0601176977
-2405208.5683295536
-2405208.5683295536
-3586115450.415756
-859003.0601176977
-2405208.5683295536
-2405208.5683295536
-2405208.5683295536
-429501.53005884885
-2405208.5683295536
-2405208.5683295536
-2405208.5683295536
-1803906.4262471653
-2405208.5683295536
-3586115450.415756
-2405208.5683295536
-4482043010.877613
-2405208.5683295536
-2405208.5683295536
-2405208.5683295536
-2405208.5683295536
-859003.0601176977
-2405208.5683295536
-1975707.038270705
-3586115450.415756
-1794260329.492043
-2405208.5683295536
-2405208.5683295536
-2405208.5683295536
-2690187889.9538994
-859003.0601176977
-2405208.5683295536
-2061607.3442824746
-2319308.2623177837
-2405208.5683295536
-2405208.5683295536
-2690187889.9539
-1718006.1202353954
-2405208.5683295536
-2405208.5683295536
-1288504.5901765465
-1460305.202200086
-429501.53005884885
-2405208.5683295536
-2405208.5683295536
-5377970571.33947
-1460305.202200086
-73492517252.12389
-2405208.5683295536
-2405208.5683295536
-171800.61202353952
-2405208.5683295536
-5377970571.33947
-5377970571.33947
-2405208.5683295536
-2690187889.9539
-2405208.5683295536
-2405208.5683295536
-2405208.5683295536
-2405208.5683295536
-1202604.2841647768
-2405208.5683295536
-2405208.5683295536
-2405208.5683295536
-944903.3661294674
-2405208.5683295536
-859003.0601176977
-2405208.5683295536
-2405208.5683295536
-1975707.038270705
-2405208.5683295536
-2405208.5683295536
-2405208.5683295536
-2405208.5683295536
-2061607.3442824746
-4482043010.877613
-944903.3661294674
-2405208.5683295536
-1202604.2841647768
-2405208.5683295536
-2405208.5683295536
-898332769.0301863
-2405208.5683295536
-2405208.5683295536
-2405208.5683295536
-1718006.1202353954
-2405208.5683295536
-2405208.5683295536
-2405208.5683295536
-2405208.5683295536
0.0
-2405208.5683295536
-1794260329.492043
-2319308.2623177837
-3586115450.415756
-1803906.4262471653
-898332769.0301863
-2405208.5683295536
-898332769.0301863
-2405208.5683295536
-2405208.5683295536
-2405208.5683295536
-2405208.5683295536
-3586115450.415756
-1889806.732258935
-2405208.5683295536
-2147507.6502942443
-343601.2240470791
-2405208.5683295536
-2405208.5683295536
-1546205.508211856
-1202604.2841647768
-2690187889.9539
-859003.0601176977
-2405208.5683295536
-74388444812.58574
-2405208.5683295536
-3586115450.415756
-2405208.5683295536
-1030803.6721412372
-2405208.5683295536
-2405208.5683295536
-75284372373.04759
-2405208.5683295536
-2405208.5683295536
-2405208.5683295536
-1718006.1202353954
-2405208.5683295536
-2405208.5683295536
-2405208.5683295536
-2405208.5683295536
-1718006.1202353954
-3586115450.415756
-2405208.5683295536
-859003.0601176977
-2405208.5683295536
-898332769.0301863
-2405208.5683295536
-2147507.6502942443
-859003.0601176977
-2405208.5683295536
-2405208.5683295536
-3586115450.415756
-2405208.5683295536
-2405208.5683295536
-1794260329.492043
-2405208.5683295536
-257700.9180353093
-171800.61202353952
-4481742360.056572
-257700.9180353093
-2319308.2623177837
-1202604.2841647768
-1202604.2841647768
-2405208.5683295536
-1889806.732258935
-1803906.4262471653
-2405208.5683295536
-1288504.5901765465
-1889806.732258935
-2405208.5683295536
-6273597480.980286
-1546205.508211856
-2319308.2623177837
-3585514148.773674
-2405208.5683295536
-2405208.5683295536
-1546205.508211856
-73491915950.4818
-2405208.5683295536
-429501.53005884885
-2405208.5683295536
-2405208.5683295536
-773102.7541059279
-515401.8360706186
-773102.7541059279
-77075626192.32922
-773102.7541059279
-2405208.5683295536
-2405208.5683295536
-1030803.6721412372
-2405208.5683295536
-71699158877.09496
-1803906.9262471653
-2405208.5683295536
-1030803.6721412372
-2405208.5683295536
-2405208.5683295536
-2319308.2623177837
-71698557575.45288
-859003.0601176977
-2405208.5683295536
-1803906.9262471653
-2405208.5683295536
-773102.7541059279
-2405208.5683295536
-2405208.5683295536
-1202604.2841647768
-2405208.5683295536
-2405208.5683295536
-944903.3661294674
-773102.7541059279
-1718006.1202353954
-2405208.5683295536
-2405208.5683295536
-2233407.956306014
-85900.30601176976
-2405208.5683295536
-2405208.5683295536
-2405208.5683295536
-859003.0601176977
-85900.30601176976
-2104557.7472883593
-773102.7541059279
-77075626192.32922
-85900.30601176976
-5377369269.697388
-2405208.5683295536
-2405208.5683295536
-2233407.956306014
-2405208.5683295536
-1546205.508211856
0.0
-2061607.3442824746
-1202604.2841647768
-2405208.5683295536
-2405208.5683295536
-71699459527.916
-2405208.5683295536
-1546205.508211856
-2405208.5683295536
-171800.61202353952
-71699760178.73705
-2405208.5683295536
-2405208.5683295536
-171800.61202353952
-2405208.5683295536
-1116703.9781530069
-2405208.5683295536
0.0
-1718006.1202353954
-2405208.5683295536
-2405208.5683295536
-1288504.5901765465
-257700.9180353093
-944903.3661294674
-71698557575.45288
-2405208.5683295536
-1803906.4262471653
-2405208.5683295536
-71698256924.63184
-1374404.8961883164
-429501.53005884885
-1202604.2841647768
-1116703.9781530069
-2405208.5683295536
-2405208.5683295536
-2405208.5683295536
-1793659027.8499608
-2405208.5683295536
-3585814799.594715
-2405208.5683295536
-1303604671.3205788
-651802335.6602894
-325901167.8301447
-2405208.5683295536
-651802335.6602894
-2405208.5683295536
-1792456423.065796
-488851751.745217
-1792456423.065796
-1794260329.4920425
-2689071185.9757466
-3586115450.415756
-1794088528.8800192
-1794174429.1860309
-898332769.0301865
-2405208.5683295536
-898332769.0301863
-1794260329.4920425
-1629505839.1507235
-2770159926.55623
-1794260329.4920425
-488851751.745217
-1792628223.6778195
-71700662131.20016
-896700663.2159628
-2405208.5683295536
-1803906.4262471653
-1889806.732258935
-897044264.4400098
-651802335.6602894
-897989167.8061393
-3586115450.415756
-2405208.5683295536
-325901167.8301447
-4482043010.877613
-897559666.2760805
-2405208.5683295536
-2405208.5683295536
-2690187889.9539
-897731466.8881041
-1794260329.492043
-2405208.5683295536
-898332769.0301865
-1303604671.3205788
-898332769.0301863
-2405208.5683295536
-2405208.5683295536
-2405208.5683295536
-2405208.5683295536
-2319308.2623177837
-2405208.5683295536
-1030803.6721412372
-2405208.5683295536
-1460305.202200086
-1546205.508211856
-2061607.3442824746
-944903.3661294674
-2233407.956306014
-2405208.5683295536
-2405208.5683295536
-4482043010.877613
-2405208.5683295536
-4482043010.877613
-2405208.5683295536
-1803906.4262471653
-2061607.3442824746
-1718006.1202353954
-2405208.5683295536
-1718006.1202353954
-3586115450.415756
-1288504.5901765465
-2405208.5683295536
-2405208.5683295536
-3586115450.415756
-898332769.0301863
-1116703.9781530069
-1794260329.492043
-1794260329.492043
-687202.4480941582
-2405208.5683295536
-2405208.5683295536
-3586115450.415756
-2405208.5683295536
-1718006.1202353954
-2405208.5683295536
-1718006.1202353954
-2405208.5683295536
-2405208.5683295536
-2405208.5683295536
-5377970571.33947
-2405208.5683295536
-2405208.5683295536
-2405208.5683295536
-2405208.5683295536
-3586115450.415756
-2405208.5683295536
-2405208.5683295536
-2405208.5683295536
-1138453.2129455565
-1739755.355027945
-2405208.5683295536
-2405208.5683295536
-2405208.5683295536
-2405208.5683295536
-1794260329.492043
-1975707.038270705
-687202.4480941582
-2147507.6502942443
-2690187889.9539
-2405208.5683295536
-2405208.5683295536
-2405208.5683295536
-107649.54080431933
-2405208.5683295536
-2690187889.9539
-2405208.5683295536
-2061607.3442824746
-2405208.5683295536
-2405208.5683295536
-451250.7648513984
-2405208.5683295536
-1794260329.492043
-1374404.8961883164
-171800.61202353952
-1794260329.492043
-3586115450.415756
-2405208.5683295536
-2233407.956306014
-1030803.6721412372
-2405208.5683295536
-2405208.5683295536
-2405208.5683295536
-1030803.6721412372
-2405208.5683295536
-2405208.5683295536
-5377970571.33947
-279450.15282785887
-1460305.202200086
-3586115450.415756
-2405208.5683295536
-1975707.038270705
-4482043010.877613
-2405208.5683295536
-2405208.5683295536
-21749.234792549556
-4482043010.877613
-1794260329.492043
-1794260329.492043
-2405208.5683295536
-2690187889.9538994
-1546205.508211856
-75284372373.04759
-2405208.5683295536
-2405208.5683295536
-537151.0708631682
-2405208.5683295536
-2405208.5683295536
-2405208.5683295536
-2405208.5683295536
-2690187889.9539
-773102.7541059279
-1202604.2841647768
-2405208.5683295536
-2405208.5683295536
-1460305.202200086
-2405208.5683295536
-2405208.5683295536
-2405208.5683295536
-1288504.5901765465
-859003.0601176977
-1202604.2841647768
-515401.8360706186
-898332769.0301863
-2405208.5683295536
-1718006.1202353954
-898332769.0301863
-1202604.2841647768
-2690187889.9538994
-1460305.202200086
-880752.2949102472
-2405208.5683295536
-71700662131.20016
-2405208.5683295536
-1803906.4262471653
-1374404.8961883164
-2405208.5683295536
-1460305.202200086
-2147507.6502942443
-3586115450.415756
-2405208.5683295536
-451250.7648513984
-623051.3768749379
-1052552.9069337868
-2405208.5683295536
-4482043010.877613
-2319308.2623177837
-687202.4480941582
-2405208.5683295536
-1794260329.492043
-1718006.1202353954
-2405208.5683295536
-1889806.732258935
-2233407.956306014
-944903.3661294674
-1632105.8142236257
-2405208.5683295536
-2405208.5683295536
-2405208.5683295536
-4482043010.877613
-387099.6936321782
-1332003.0597616457
-2405208.5683295536
-2104831.6555779665
-2405208.5683295536
-408848.92842472775
-2405208.5683295536
-2104831.6555779665
-2405208.5683295536
-730700.9176792572
-2405208.5683295536
-2405208.5683295536
-193549.84681608912
-880752.2949102472
-2405208.5683295536
-2405208.5683295536
-2233407.956306014
-880752.2949102472
-1246102.753749876
-3586115450.415756
-3586115450.415756
-2405208.5683295536
-2690187889.9539
-2405208.5683295536
-5377970571.33947
-687202.4480941582
-2405208.5683295536
-2319308.2623177837
-2405208.5683295536
-2405208.5683295536
-1310253.824969096
-623051.3768749379
-794851.9888984774
-2405208.5683295536
-429501.53005884885
-2061607.3442824746
-85900.30601176976
-2405208.5683295536
0.0
-2405208.5683295536
-2405208.5683295536
-2405208.5683295536
-2061607.3442824746
-2405208.5683295536
-966652.600922017
-2405208.5683295536
-387099.6936321782
-2405208.5683295536
-2405208.5683295536
-898332769.0301863
-1975707.038270705
-2405208.5683295536
-343601.2240470791
-1889806.732258935
-2690187889.9538994
-2405208.5683295536
-2405208.5683295536
-2104831.6555779665
-151148.01038941843
-1332003.0597616457
-1911555.9670514846
-156.66187977549407
-2405208.5683295536
-2405208.5683295536
-2405208.5683295536
-1417903.3657734154
-783.3093988774704
-2405208.5683295536
-1396154.130980866
-2104831.6555779665
-1997456.2730632545
-2405208.5683295536
-1794260329.492043
-2405208.5683295536
-2690187889.9539
-2405208.5683295536
-2405208.5683295536
-3586115450.415756
-1739755.355027945
-2405208.5683295536
-1567954.7430044054
-1997456.2730632545
-1482054.4369926357
-2405208.5683295536
-1052552.9069337868
-708951.6828867076
-2405208.5683295536
-2405208.5683295536
-2405208.5683295536
-1718006.1202353954
-2405208.5683295536
-2405208.5683295536
0.0
-2405208.5683295536
-2405208.5683295536
-2690187889.9538994
-2405208.5683295536
-2405208.5683295536
-1288504.5901765465
-2405208.5683295536
-2405208.5683295536
-773102.7541059279
-1632105.8142236257
-2405208.5683295536
-43498.46958509911
-3586115450.415756
-1653855.0490161753
-2405208.5683295536
-3586115450.415756
-2104831.6555779665
-2405208.5683295536
-2405208.5683295536
-1825655.661039715
-215299.08160863866
-1653855.0490161753
-5377970571.33947
-966652.600922017
-1460305.202200086
-2147507.6502942443
-469.9856393264822
-2405208.5683295536
-2405208.5683295536
-2405208.5683295536
-1804454.7428263796
-2104831.6555779665
-472999.99964394793
-2405208.5683295536
-2405208.5683295536
-2104831.6555779665
-898332769.0301863
-2405208.5683295536
-2405208.5683295536
-2405208.5683295536
-2233407.956306014
-1718006.1202353954
-2405208.5683295536
-2405208.5683295536
-2405208.5683295536
-2405208.5683295536
-1052552.9069337868
-1052552.9069337868
-2405208.5683295536
-1911555.9670514846
-2104831.6555779665
-2405208.5683295536
-2405208.5683295536
-2405208.5683295536
-2405208.5683295536
-5377970571.33947
-2405208.5683295536
-1889806.732258935
-2405208.5683295536
-71699760178.73705
-1374404.8961883164
-21749.234792549556
-365350.4588396286
-21749.234792549556
-2405208.5683295536
-156.66187977549407
-898332769.0301863
-2104831.6555779665
-21749.234792549556
-71699158877.09496
-2061607.3442824746
-2405208.5683295536
-72594485135.91473
-2104831.6555779665
-2405208.5683295536
-156.66187977549407
-2405208.5683295536
-2405208.5683295536
-2405208.5683295536
-2104831.6555779665
-1794260329.492043
-2405208.5683295536
-365350.4588396286
-2405208.5683295536
0.0
-215299.08160863866
-1074302.1417263364
0.0
-2405208.5683295536
-343601.2240470791
-2405208.5683295536
-2405208.5683295536
-1288504.5901765465
-1546205.508211856
-2405208.5683295536
-2319308.2623177837
-2405208.5683295536
-2405208.5683295536
-2405208.5683295536
-2690187889.9539
-1460305.202200086
-2319308.2623177837
-859003.0601176977
-1632105.8142236257
-2405208.5683295536
-966652.600922017
-2233407.956306014
-2405208.5683295536
-2405208.5683295536
-2405208.5683295536
-2104831.6555779665
-1396154.130980866
-2405208.5683295536
-898332769.0301863
-623051.3768749379
-2083356.5790750242
-2405208.5683295536
-2104831.6555779665
-1396154.130980866
-2104831.6555779665
-65247.70437764867
-2405208.5683295536
0.0
-2405208.5683295536
-2690187889.9539
-408848.92842472775
-1181951.6825306558
-783.3093988774704
-1653855.0490161753
-1794260329.492043
-2405208.5683295536
-644800.6116674874
-2405208.5683295536
-3586115450.415756
-2405208.5683295536
-193549.84681608912
-2405208.5683295536
-2405208.5683295536
-2405208.5683295536
-1546205.508211856
-2690187889.9539
-1718006.1202353954
-2233407.956306014
-859003.0601176977
-2405208.5683295536
-2319308.2623177837
-2405208.5683295536
-1224353.5189573264
-1138453.2129455565
-107649.54080431933
-898332769.0301863
-1246102.753749876
-1310253.824969096
-880752.2949102472
0.0
-469.9856393264822
-1632105.8142236257
-2319308.2623177837
-85900.30601176976
-880752.2949102472
-1794260329.492043
0.0
-2405208.5683295536
-1825655.661039715
-215299.08160863866
-1911555.9670514846
-3586115450.415756
-2405208.5683295536
-1804454.7428263796
-2104831.6555779665
-2405208.5683295536
-1074302.1417263364
-2405208.5683295536
-2405208.5683295536
-2405208.5683295536
-2104831.6555779665
-4482043010.877613
-2405208.5683295536
-623051.3768749379
-2104831.6555779665
-2405208.5683295536
-2405208.5683295536
-1138453.2129455565
-2405208.5683295536
-1632105.8142236257
-1997456.2730632545
-2405208.5683295536
-2405208.5683295536
-2147507.6502942443
-898332769.0301863
-2405208.5683295536
-1997456.2730632545
-580649.5404482672
-1804454.7428263796
-2405208.5683295536
-3586115450.415756
-4482043010.877613
-1975707.038270705
-2405208.5683295536
-1116703.9781530069
-2405208.5683295536
-773102.7541059279
-1116703.9781530069
-1374404.8961883164
-1138453.2129455565
-156.66187977549407
-2690187889.9539
-279450.15282785887
-2405208.5683295536
-2405208.5683295536
-2405208.5683295536
-1589703.977796955
-1794260329.492043
-2104831.6555779665
-2405208.5683295536
-313.32375955098814
-1417903.3657734154
-3586115450.415756
-1160202.4477381061
-898332769.0301863
-2405208.5683295536
-4482043010.877613
-3586115450.415756
-2405208.5683295536
-171800.61202353952
-2405208.5683295536
-279450.15282785887
-2405208.5683295536
-1632105.8142236257
-537151.0708631682
-2405208.5683295536
-515401.8360706186
-687202.4480941582
-773102.7541059279
-2690187889.9539
-2405208.5683295536
-2405208.5683295536
-2104831.6555779665
-1804454.7428263796
-151148.01038941843
-623051.3768749379
-2104831.6555779665
-216395.7147670671
-1203700.9173232054
-1804454.7428263796
-2104831.6555779665
-365350.4588396286
-537151.0708631682
-2405208.5683295536
-2104831.6555779665
-1546205.508211856
-2147507.6502942443
-1202604.2841647768
-2405208.5683295536
-1794260329.492043
-2405208.5683295536
-2104831.6555779665
-2405208.5683295536
-343601.2240470791
-1889806.732258935
-2104831.6555779665
-558900.3056557177
-2104831.6555779665
-2061607.3442824746
-171800.61202353952
-2405208.5683295536
-580649.5404482672
-2405208.5683295536
-2405208.5683295536
0.0
-365350.4588396286
-3586115450.415756
-2405208.5683295536
-2104831.6555779665
-2405208.5683295536
-1794260329.492043
-2405208.5683295536
-2405208.5683295536
-3586115450.415756
-2405208.5683295536
-257700.9180353093
-515401.8360706186
-1794260329.492043
-773102.7541059279
-2405208.5683295536
-2233407.956306014
-2405208.5683295536
-1794260329.492043
-2405208.5683295536
-1138453.2129455565
-215299.08160863866
-2405208.5683295536
-838350.4584835765
-708951.6828867076
-2405208.5683295536
-2405208.5683295536
-71700662131.20016
-2405208.5683295536
-2405208.5683295536
-451250.7648513984
-2405208.5683295536
-2405208.5683295536
-939.9712786529644
-1504077.8300747925
-2405208.5683295536
-1503803.6717851853
-939.9712786529644
-2104831.6555779665
-2104831.6555779665
-1546205.508211856
-2405208.5683295536
-1804454.7428263796
-1804454.7428263796
-4482043010.877613
