-7169825692.263184
-6843924524.433039
-5214418685.282315
-2281308174.8110127
-1792456423.065796
-1466555255.235651
-7169825692.263184
-73491014819.74355
-1919.358027249802
-2405208.5683295536
-1203700.9173232054
-1253.2950382039526
-602242.1133610414
-302570.179068444
-903324.0045716183
-302570.17906844395
-903324.0045716183
-626.6475191019763
-516498.46922904707
-193549.84681608912
-538247.7040215966
-903324.0045716183
-71699160246.63641
-2036.6044370814225
-2193.2663168569165
-71698259115.89815
-1792458068.0155337
-3951551934.098794
-1792457363.0370748
-71699460623.54916
-515401.8360706186
-1792457676.3608344
-2688686005.3901424
-896230013.144515
-4929255437.589228
-488851751.745217
-1140654087.4055064
-2193.2663168569165
-6273597754.888576
-156.66187977549407
-977703503.4904342
-1140654087.4055064
-2193.2663168569165
-2193.2663168569165
-71698259115.89815
-5377369817.5139675
-6518023356.602894
-2770159926.55623
-7169825692.263184
-7169825692.263184
-5703270437.027533
-7169825692.263184
-4888517517.45217
-3096061094.3863745
-7169825692.263184
-488851751.745217
-325901167.8301447
-977703503.4904342
-4236715181.791881
-6680973940.517966
-7169825692.263184
-7169825692.263184
-6355072772.687821
-4562616349.6220255
-2444258758.726085
-6029171604.857677
-7169825692.263184
-3584912846.131592
-1792456423.065796
-3259011678.301447
-7169825692.263184
-6680973940.517966
-977703503.4904342
-7169825692.263184
-7169825692.263184
-6192122188.772749
-2770159926.55623
-5703270437.027533
-7169825692.263184
-7169825692.263184
-977703503.4904342
-5377369269.197388
-977703503.4904342
-1140654087.4055064
-1303604671.3205788
-7169825692.263184
-2933110510.4713025
-7169825692.263184
-325901167.8301447
-6355072772.687821
-4073764597.8768086
-5540319853.11246
-651802335.6602894
-5214418685.282315
-7169825692.263184
-7169825692.263184
-1955407006.9808683
-7169825692.263184
-7169825692.263184
-7169825692.263184
-488851751.745217
-5703270437.027533
-2444258758.726085
-1629505839.1507235
-7169825692.263184
-3421962262.2165194
-2607209342.6411576
-7169825692.263184
-3421962262.2165194
-162950583.91507235
-6680973940.517966
-7169825692.263184
0.0
-7169825692.263184
-6843924524.433039
-6029171604.857677
-3096061094.3863745
-1792456423.065796
-7169825692.263184
-7169825692.263184
-7169825692.263184
0.0
-2607209342.6411576
-3421962262.2165194
-6680973940.517966
-7169825692.263184
-3747863430.046664
-7169825692.263184
-814752919.5753617
-5051468101.367243
-7169825692.263184
-5866221020.942605
-5540319853.11246
-7169825692.263184
-2444258758.726085
-7169825692.263184
-7169825692.263184
-5051468101.367243
-7169825692.263184
-162950583.91507235
-7169825692.263184
-4562616349.6220255
-3421962262.2165194
-2444258758.726085
-5703270437.027533
-7169825692.263184
-7169825692.263184
-7169825692.263184
-7169825692.263184
-7169825692.263184
-3259011678.301447
-6518023356.602894
-2770159926.55623
-5703270437.027533
-7006875108.348111
-2118357590.8959405
-7169825692.263184
-3096061094.3863745
-5703270437.027533
-977703503.4904342
-74386942928.02197
-7169825692.263184
-7169825692.263184
-2770159926.55623
-2118357590.8959405
-1955407006.9808683
-2193.2663168569165
-3584913942.7647505
-7169825692.263184
-4888517517.45217
-5540319853.11246
-1140654087.4055064
-7169825692.263184
-7169825692.263184
-7169825692.263184
-7169825692.263184
-1466555255.235651
-2281308174.8110127
-6355072772.687821
-7169825692.263184
-4888517517.45217
-814752919.5753617
-1955407006.9808683
-651802335.6602894
-7169825692.263184
-162950583.91507235
-7169825692.263184
-7169825692.263184
-5214418685.282315
-4399665765.706953
-4725566933.537098
-1629505839.1507235
-7169825692.263184
-2193.2663168569165
-896230130.6409252
-7169825692.263184
-5377369269.197388
-1466555255.235651
-2193.2663168569165
-1723.2806775304346
-2193.2663168569165
-2193.2663168569165
-2193.2663168569165
0.0
-469.9856393264822
-2193.2663168569165
-2193.2663168569165
-2193.2663168569165
-469.9856393264822
-783.3093988774704
-71698259115.89815
-469.9856393264822
-896230130.6409248
-2193.2663168569165
-3666388686.4057074
-6843924524.433039
-7169825692.263184
-4481141880.139359
-71698259115.89815
0.0
0.0
-71698259115.89815
-814752919.5753617
-2770159926.55623
-7169825692.263184
-7169825692.263184
-3910814013.9617367
-171800.61202353952
-2405208.5683295536
-2405208.5683295536
-1460305.202200086
-429501.53005884885
-2405208.5683295536
-2405208.5683295536
-2405208.5683295536
0.0
-2405208.5683295536
-2405208.5683295536
-2405208.5683295536
-1632105.8142236257
-429501.53005884885
-1803906.4262471653
-2405208.5683295536
-2061607.3442824746
-2061607.3442824746
-2405208.5683295536
-1546205.508211856
-2405208.5683295536
-2405208.5683295536
-2405208.5683295536
-2405208.5683295536
-1460305.202200086
-2405208.5683295536
-2405208.5683295536
-2405208.5683295536
-2061607.3442824746
-687202.4480941582
-903324.0045716183
-2405208.5683295536
-687202.4480941582
-1975707.038270705
-2405208.5683295536
-1632105.8142236257
-2405208.5683295536
-1460305.202200086
-2104831.6555779665
-71698259115.89815
-1504077.8300747925
-773102.7541059279
-1803906.4262471653
-302570.17906844383
-2104831.6555779665
-1804454.7428263796
-2193.2663168569165
-903324.004571618
-2405208.5683295536
-2405208.5683295536
-1030803.6721412372
-2405208.5683295536
-2061607.3442824746
-1374404.8961883164
-687202.4480941582
-1889806.732258935
-944903.3661294674
-2405208.5683295536
-71700662131.20016
-2061607.3442824746
-1889806.732258935
-2405208.5683295536
0.0
-1030803.6721412372
-2405208.5683295536
-85900.30601176976
-1374404.8961883164
-1374404.8961883164
-2405208.5683295536
-2405208.5683295536
-1804454.7428263796
-2193.2663168569165
0.0
-2193.2663168569165
-2193.2663168569165
-2193.2663168569165
-2193.2663168569165
-2193.2663168569165
-2193.2663168569165
-2193.2663168569165
-2193.2663168569165
-71698259115.89815
-2193.2663168569165
-71698259115.89815
-2193.2663168569165
-71698259115.89815
-2193.2663168569165
-71698259115.89815
-2193.2663168569165
-2193.2663168569165
-156.66187977549407
-2405208.5683295536
-2405208.5683295536
-2405208.5683295536
-2405208.5683295536
-257700.9180353093
-2233407.956306014
-2405208.5683295536
-2405208.5683295536
-2233407.956306014
-71700662131.20016
-71700662131.20016
-2405208.5683295536
-2405208.5683295536
-2405208.5683295536
-1203700.9173232054
-71698259115.89815
-2405208.5683295536
0.0
-2405208.5683295536
-2405208.5683295536
-2405208.5683295536
-2405208.5683295536
-1546205.508211856
-773102.7541059279
-2061607.3442824746
-2405208.5683295536
-2405208.5683295536
-2405208.5683295536
-429501.53005884885
-71699761000.46191
-2193.2663168569165
-2193.2663168569165
-71698259115.89815
-2193.2663168569165
-2193.2663168569165
-71698259115.89815
-2193.2663168569165
-2193.2663168569165
-1253.2950382039526
-1566.6187977549407
-2193.2663168569165
-2193.2663168569165
-2193.2663168569165
-2193.2663168569165
-2193.2663168569165
-626.6475191019763
-1096.6331584284585
-2104831.6555779665
-2405208.5683295536
-1889806.732258935
-2405208.5683295536
-1632105.8142236257
-2233407.956306014
-2061607.3442824746
-1504077.8300747925
-1203700.9173232054
-2405208.5683295536
-687202.4480941582
-2405208.5683295536
-1374404.8961883164
-1374404.8961883164
-2405208.5683295536
-2147507.6502942443
-2405208.5683295536
-515401.8360706186
-1460305.202200086
-2405208.5683295536
-2405208.5683295536
-2405208.5683295536
-2405208.5683295536
-71700662131.20016
-2405208.5683295536
-2405208.5683295536
0.0
-515401.8360706186
-1803906.4262471653
-2405208.5683295536
-2405208.5683295536
-2405208.5683295536
-2405208.5683295536
-2405208.5683295536
-2405208.5683295536
-2193.2663168569165
-469.9856393264822
-2193.2663168569165
-71698259115.89815
-71698259115.89815
-2193.2663168569165
-2193.2663168569165
-2193.2663168569165
-2193.2663168569165
-71698259115.89815
-2193.2663168569165
-2193.2663168569165
-71698259115.89815
-2193.2663168569165
-71698259115.89815
-2193.2663168569165
-2193.2663168569165
-71698259115.89815
-2193.2663168569165
0.0
-2193.2663168569165
-2193.2663168569165
-2193.2663168569165
-365350.4588396286
-2405208.5683295536
-2193.2663168569165
-469.9856393264822
-171800.61202353952
-2405208.5683295536
-859003.0601176977
-515401.8360706186
-2405208.5683295536
-71700662131.20016
-1804376.4118864918
-71698259115.89815
-1409.9569179794466
-2319308.2623177837
-1374404.8961883164
-156.66187977549407
-2193.2663168569165
-1804454.7428263796
-2405208.5683295536
-85900.30601176976
-2405208.5683295536
-171800.61202353952
-2319308.2623177837
-2405208.5683295536
-71700662131.20016
-2405208.5683295536
-2405208.5683295536
-1504077.8300747925
-1096.6331584284585
-343601.2240470791
-1975707.038270705
-2405208.5683295536
-1460305.202200086
-2405208.5683295536
-1546205.508211856
-1546205.508211856
-2405208.5683295536
-2061607.3442824746
-2405208.5683295536
-302570.17906844383
-71698259115.89815
-2405208.5683295536
-2405208.5683295536
-2405208.5683295536
-1504077.8300747925
-2193.2663168569165
-2193.2663168569165
-2193.2663168569165
-71698259115.89815
-71698259115.89815
-2193.2663168569165
-2193.2663168569165
-2193.2663168569165
-2193.2663168569165
-302570.179068444
-2104831.6555779665
-302570.179068444
-1504077.8300747925
-1504077.8300747925
-2193.2663168569165
-71698559492.8109
-939.9712786529644
-2193.2663168569165
-2193.2663168569165
-2193.2663168569165
-1203700.9173232054
-2193.2663168569165
-71698259115.89815
-71698559492.8109
-322948.62241295795
-2405208.5683295536
-2405208.5683295536
-515401.8360706186
-1632105.8142236257
-2405208.5683295536
-859003.0601176977
-2405208.5683295536
-2405208.5683295536
-2405208.5683295536
-859003.0601176977
-2405208.5683295536
-2405208.5683295536
-71700361754.28741
-1096.6331584284585
-1409.9569179794466
-302570.179068444
-1504077.8300747925
-2193.2663168569165
-2193.2663168569165
-2193.2663168569165
-2193.2663168569165
-2193.2663168569165
-71698559492.8109
-2061607.3442824746
-2193.2663168569165
-2193.2663168569165
-2193.2663168569165
-71698259115.89815
-2193.2663168569165
-2193.2663168569165
-2193.2663168569165
-71698259115.89815
-2036.6044370814225
-71698259115.89815
-783.3093988774704
-2193.2663168569165
-71698259115.89815
-2193.2663168569165
-2193.2663168569165
-2193.2663168569165
-71698259115.89815
-469.9856393264822
-2193.2663168569165
-71698259115.89815
-2193.2663168569165
-2193.2663168569165
-2036.6044370814225
-626.6475191019763
-2193.2663168569165
-2193.2663168569165
-71698259115.89815
-2193.2663168569165
-2193.2663168569165
-903324.0045716183
-2405208.5683295536
-2405208.5683295536
-2405208.5683295536
-2233407.956306014
-2405208.5683295536
-859003.0601176977
-2405208.5683295536
-2405208.5683295536
-2405208.5683295536
-2147507.6502942443
-2319308.2623177837
-944903.3661294674
-2405208.5683295536
-2233407.956306014
-2193.2663168569165
-71698259115.89815
-469.9856393264822
-2193.2663168569165
-71698259115.89815
-71698259115.89815
-71698259115.89815
-2193.2663168569165
-1409.9569179794466
-71698259115.89815
-156.66187977549407
-2193.2663168569165
-469.9856393264822
-2193.2663168569165
-626.6475191019763
-2193.2663168569165
-2193.2663168569165
-2193.2663168569165
-2193.2663168569165
-71698259115.89815
-2193.2663168569165
-2193.2663168569165
-71698259115.89815
-2193.2663168569165
-71698259115.89815
-939.9712786529644
-2193.2663168569165
-2193.2663168569165
-2193.2663168569165
-313.32375955098814
-469.9856393264822
-2193.2663168569165
-2193.2663168569165
-2193.2663168569165
-1504077.8300747925
-2405208.5683295536
-2405208.5683295536
-71700061377.37466
-2193.2663168569165
-71698259115.89815
-2193.2663168569165
-626.6475191019763
-71698259115.89815
-469.9856393264822
-2405208.5683295536
-85900.30601176976
-71700662131.20016
-2405208.5683295536
-2405208.5683295536
-71698259115.89815
-156.66187977549407
-469.9856393264822
-1504077.8300747925
-1203700.9173232054
-2193.2663168569165
-71698559492.8109
-626.6475191019763
-2193.2663168569165
-71698259115.89815
-71698259115.89815
-1096.6331584284585
-2193.2663168569165
-2193.2663168569165
-71698259115.89815
-1723.2806775304346
-2193.2663168569165
-71698259115.89815
-2104831.6555779665
-903324.0045716183
-2193.2663168569165
-2193.2663168569165
-2193.2663168569165
-1566.6187977549407
-515401.8360706186
-2405208.5683295536
-1030803.6721412372
-302570.17906844383
-2193.2663168569165
-1096.6331584284585
-1409.9569179794466
-71698259115.89815
-2193.2663168569165
-623051.3768749379
-2405208.5683295536
-1889806.732258935
-2405208.5683295536
-2405208.5683295536
-2405208.5683295536
-2405208.5683295536
-2405208.5683295536
-2405208.5683295536
-2405208.5683295536
-859003.0601176977
-2405208.5683295536
-687202.4480941582
-687202.4480941582
-257700.9180353093
-1374404.8961883164
-2405208.5683295536
-2405208.5683295536
-2405208.5683295536
-2405208.5683295536
-859003.0601176977
0.0
-85900.30601176976
-944903.3661294674
-773102.7541059279
-71700662131.20016
-85900.30601176976
-2405208.5683295536
-2405208.5683295536
-601302.1420823884
-1253.2950382039526
-2193.2663168569165
-2193.2663168569165
-2193.2663168569165
-71698259115.89815
-71698258294.17328
-275.9082896071146
-71698259115.89815
-1804454.7428263796
-71698859869.72366
-2193.2663168569165
-2193.2663168569165
-2193.2663168569165
-2193.2663168569165
-626.6475191019763
-2193.2663168569165
-2193.2663168569165
-156.66187977549407
-71698259115.89815
-71698259115.89815
-903324.0045716183
-903324.0045716183
-71698259115.89815
-1203700.9173232054
-1460305.202200086
-2193.2663168569165
-2193.2663168569165
-2193.2663168569165
-71698259115.89815
-939.9712786529644
-2193.2663168569165
-71698259115.89815
-71698259115.89815
-2193.2663168569165
-2193.2663168569165
-2193.2663168569165
-71698259115.89815
-1409.9569179794466
-2193.2663168569165
-71698259115.89815
-2193.2663168569165
-2193.2663168569165
-2193.2663168569165
-2193.2663168569165
-2193.2663168569165
-2193.2663168569165
-71698259115.89815
-1879.9425573059286
-2193.2663168569165
-71698259115.89815
-2193.2663168569165
-1203700.9173232054
-903324.004571618
-602947.0918200313
-2193.2663168569165
-2193.2663168569165
-602947.091820031
-2319308.2623177837
-2405208.5683295536
-2147507.6502942443
-2405208.5683295536
-2405208.5683295536
-1460305.202200086
-773102.7541059279
-1546205.508211856
-85900.30601176976
-773102.7541059279
-2193.2663168569165
-1504077.8300747925
-1803906.4262471653
-903324.0045716183
-71698259115.89815
-2405208.5683295536
-2405208.5683295536
-2405208.5683295536
-2405208.5683295536
-2405208.5683295536
-2147507.6502942443
-2405208.5683295536
-2405208.5683295536
-1803906.9262471653
-823.7248688213439
-2.0
-2193.2663168569165
-2193.2663168569165
-1723.2806775304346
-71698259115.89815
-71698258020.265
-1288505.0901765465
-2405208.5683295536
-71700662131.20016
-0.25
-2.0
-1097.3831584284585
-2193.2663168569165
-1919.358027249802
-71698256924.63184
-549.8165792142293
-2405208.5683295536
-85900.30601176976
-429501.53005884885
-1203074.2698041033
-71698259115.89815
-2.0
-2.0
-71698256924.63184
-2.0
-2.0
-2.0
-71698256924.63184
-71698256924.63184
-1371.541448035573
-2.0
-71698259115.89815
-1723.2806775304346
-1645.4497376426875
-71698256924.63184
-2.0
-71698256924.63184
-2.0
-2.0
-2.0
-71698256924.63184
-2.0
-2.0
-2.0
-901954.4631235825
-944903.6161294674
-1803906.9262471653
-2147507.6502942443
-2104557.7472883593
-2405208.5683295536
-2104557.7472883593
-1503256.105205971
-1503256.105205971
-2104831.6555779665
-429501.53005884885
-1889806.732258935
-2405208.5683295536
-343601.2240470791
-71699158877.09496
-2405208.5683295536
-1504077.8300747925
-902971.5153421233
-1803906.4262471653
-1288504.5901765465
-2405208.5683295536
-1889806.732258935
-2405208.5683295536
-1889806.732258935
-1803906.4262471653
-1460305.202200086
-2405208.5683295536
-2405208.5683295536
-343601.2240470791
-1803906.9262471653
-2405208.5683295536
-2405208.5683295536
-2405208.5683295536
-343601.2240470791
-1374404.8961883164
-71698256924.63184
-2405208.5683295536
-2104831.6555779665
-71698257198.54013
-71698257198.54013
-85900.30601176976
-71698557575.45288
-2405208.5683295536
-2405208.5683295536
-2405208.5683295536
-2405208.5683295536
-1030803.6721412372
-71698256924.63184
-2104831.6555779665
-71698858500.1822
-1460305.202200086
-1975707.038270705
-2061607.3442824746
-687202.4480941582
-601302.1420823884
-2405208.5683295536
-2104557.7472883593
-2405208.5683295536
-601302.1420823884
-1889806.732258935
-71698557575.45288
-903324.0045716183
-2405208.5683295536
-2405208.5683295536
-257700.9180353093
-1803906.4262471653
-2405208.5683295536
-2104557.7472883593
-2405208.5683295536
-903324.0045716183
-1504077.8300747925
-1202917.6079243277
-1503803.6717851853
-257700.9180353093
-601302.1420823884
-515401.8360706186
-1030803.6721412372
-2405208.5683295536
-71698256924.63184
-2405208.5683295536
-1116703.9781530069
-2405208.5683295536
-2405208.5683295536
-85900.30601176976
-2405208.5683295536
-1504077.8300747925
-1202604.2841647768
-71699760178.73705
-71699158877.09496
-1203230.9316838789
-2104831.6555779665
-2405208.5683295536
-2405208.5683295536
-1504077.8300747925
-1253.2950382039526
-1804454.7428263796
-1804454.7428263796
-71698858226.27393
-602947.0918200313
0.0
-602947.0918200313
-71699158877.09496
-903050.0962820111
-2193.2663168569165
-71699158877.09496
-2104557.7472883593
-1202917.6079243277
-1804376.4118864918
-171800.61202353952
-1804454.7428263796
-2405208.5683295536
-1803906.9262471653
-1116703.9781530069
-343601.2240470791
-903324.0045716183
-2405208.5683295536
-1804454.7428263796
-2405208.5683295536
-1504077.8300747925
-1804454.7428263796
-2104831.6555779665
-2405208.5683295536
-71699459527.916
-71699760178.73705
-71699158877.09496
-301042.7257406329
-2104831.6555779665
-2405208.5683295536
-515401.8360706186
-1203700.9173232054
-2104831.6555779665
-71700060829.55809
-2405208.5683295536
-2405208.5683295536
-2405208.5683295536
-902971.5153421233
-71699459527.916
-469.9856393264822
-2104557.7472883593
-903324.0045716183
-1504077.8300747925
-1803906.9262471653
-71700361480.37912
-2405208.5683295536
-1504077.8300747925
-71700361480.37912
-2193.2663168569165
-2405208.5683295536
-2193.2663168569165
-903324.0045716183
-1203427.0090335982
-940.9712786529644
-1504077.8300747925
-2.0
-1645.4497376426875
-2.0
-1203700.9173232054
-2405208.5683295536
-343601.2240470791
-2405208.5683295536
-2193.2663168569165
-2193.2663168569165
-314.32375955098814
-627.6475191019763
-2193.2663168569165
-602673.1835304241
-903324.0045716183
-1645.4497376426875
-1645.4497376426875
-602947.0918200313
-1504077.8300747925
-2104831.6555779665
-71700060829.55809
-549.8165792142293
-549.8165792142293
-71700061103.46637
-71700060829.55809
-1253.2950382039526
-2405208.5683295536
-302570.17906844383
-71699761000.46191
-602947.0918200313
-823.7248688213439
-2193.2663168569165
-2193.2663168569165
-2193.2663168569165
-2193.2663168569165
-602947.0918200309
-1371.541448035573
-939.9712786529644
-1566.6187977549407
-903324.004571618
-1804454.7428263796
-2104831.6555779665
-903324.0045716183
-1203427.0090335982
-2.0
-1203700.9173232054
-903324.0045716183
-2.0
-1504077.8300747925
-1203700.9173232052
-275.9082896071146
-1097.6331584284585
-1203700.9173232054
-2.0
-2.0
-1804454.7428263796
-302022.36248922977
-300926.7293308013
-1504077.8300747925
-601851.4586616026
-2104831.6555779665
-901954.4631235825
-1803906.9262471653
-901954.4631235825
-1503256.105205971
-2405208.5683295536
-2104557.7472883593
-601303.6420823884
-1803906.9262471653
-71700361480.37912
-601303.6420823884
-300652.8210411942
-300652.8210411942
-1202605.2841647768
-2.0
-2104557.7472883593
-1202605.2841647768
-902228.3714131897
-1202605.2841647768
-71699760452.64532
-1503803.9217851853
-2.0
-71700361480.37912
-2405208.5683295536
-601303.6420823884
-2405208.5683295536
-1803906.9262471653
-2.0
-2.0
-2.0
-2405208.5683295536
-1202605.2841647768
-1503256.105205971
-1503256.105205971
-2104557.7472883593
-2405208.5683295536
-897431364.383642
-1202605.2841647768
-2405208.5683295536
-300652.8210411942
-1202605.2841647768
-901954.4631235825
-2.0
-300652.8210411942
-1202605.2841647768
-2104557.7472883593
-2405208.5683295536
-1202605.2841647768
-1803906.9262471653
-2104557.7472883593
-1803906.9262471653
-2405208.5683295536
-300652.8210411942
-1202605.2841647768
-1503256.105205971
-901954.4631235825
-2104557.7472883593
-1503256.105205971
-2405208.5683295536
-2405208.5683295536
-1202605.2841647768
-1793959952.5792909
-2405208.5683295536
-1804180.8345367725
-901954.4631235825
-601303.6420823884
-901954.4631235825
-2405208.5683295536
-2405208.5683295536
-2.0
-300652.8210411942
-1202605.2841647768
-2104557.7472883593
-1503256.105205971
-300652.8210411942
-1202605.2841647768
-901954.4631235825
-300652.8210411942
-1503256.105205971
-1503256.105205971
-1503256.105205971
-2689887239.1328583
-2.0
-601303.6420823884
-300652.8210411942
-1202605.2841647768
-6273597754.888575
-2104557.7472883593
-601303.6420823884
-300652.8210411942
-2405208.5683295536
-300652.8210411942
-1804454.7428263796
-903324.0045716183
-1203700.9173232054
-902228.3714131897
-1203700.9173232054
-2104831.6555779665
-1504077.8300747925
-1794260329.492043
-897732015.2046832
-898332769.0301863
-1203153.100743991
-2.0
-73492517252.12389
-2405208.5683295536
-601303.6420823884
-2104831.6555779665
-2405208.5683295536
-901954.4631235825
-2405208.5683295536
-2104831.6555779665
-901954.4631235825
-1804454.7428263796
-2405208.5683295536
-1203153.100743991
-1804454.7428263796
-2405208.5683295536
-1203153.100743991
-2405208.5683295536
-1804454.7428263796
-902502.2797027968
-1503803.9217851853
-601303.6420823884
-2.0
-2405208.5683295536
-901954.4631235825
-601303.6420823884
-300652.8210411942
-275.9082896071146
-1504077.8300747925
-2104831.6555779665
-2104831.6555779665
-2.0
-1804454.7428263796
-2405208.5683295536
-2.0
-2.0
-2689887513.041148
-1202879.192454384
-1503530.0134955782
-1793959952.5792913
-2405208.5683295536
-1202605.2841647768
-2689586588.311817
-601303.6420823884
-901954.4631235825
-773104.0041059279
-901954.4631235825
-2405208.5683295536
-1503256.105205971
-2104557.7472883593
-898032118.2091452
-898032118.2091452
-901954.4631235825
-902228.3714131897
-1504077.8300747925
-1202605.2841647768
-601303.6420823884
-2.0
-1503256.105205971
-601303.6420823884
-1503256.105205971
-300652.8210411942
-2104557.7472883593
-901954.4631235825
-2.0
-2.0
-3585514696.5902534
-300652.8210411942
-2405208.5683295536
-1503256.105205971
-2.0
-601303.6420823884
-601303.6420823884
-2689587136.1283965
-2405208.5683295536
-1645.4497376426875
-898332769.0301863
-2405208.5683295536
-1793659575.66654
-2.0
-1645.4497376426875
-301474.5459100155
-602947.0918200312
-1203700.9173232054
-1804454.7428263796
-549.8165792142293
-302022.3624892297
-1794260329.492043
-1504077.8300747925
-2.0
-1803906.9262471653
-1503530.0134955782
-2.0
-2.0
-275.9082896071146
-2405208.5683295536
-898332769.0301863
-1804454.7428263796
-2405208.5683295536
-2405208.5683295536
-2104831.6555779665
-107651.04080431933
-300926.7293308013
-2690187889.9539
-300926.7293308013
-300926.7293308013
-275.9082896071146
-2405208.5683295536
-1503256.105205971
-2405208.5683295536
-2405208.5683295536
-898332769.0301863
-2405208.5683295536
-901954.4631235825
-1202605.2841647768
-1503256.105205971
-2405208.5683295536
-1803906.9262471653
-1803906.9262471653
-1202605.2841647768
-901954.4631235825
-1503256.105205971
-901954.4631235825
-2405208.5683295536
-2405208.5683295536
-2405208.5683295536
-300652.8210411942
-2405208.5683295536
-2405208.5683295536
-1794260329.492043
-2405208.5683295536
-1202605.2841647768
-2405208.5683295536
-2104831.6555779665
-300926.7293308013
-2.0
-2.0
-1503256.105205971
-1202605.2841647768
-75283470694.49275
-601577.5503719954
-300926.7293308013
-300926.7293308013
-300926.7293308013
-1202879.192454384
-71700662131.20016
-1804454.7428263796
-2.0
-2.0
-1504077.8300747925
-2405208.5683295536
-2.0
-2405208.5683295536
-2405208.5683295536
-2104831.6555779665
-5377369817.5139675
-2.0
-2.0
-3585815073.503005
-2405208.5683295536
-1097.6331584284585
-300926.7293308013
-903050.0962820111
-2405208.5683295536
-2.0
-601303.6420823884
-1804454.7428263796
-2405208.5683295536
-901954.4631235825
-2690187889.9539
-275.9082896071146
-1203700.9173232054
-1804454.7428263796
-1203153.100743991
-2.0
-2405208.5683295536
-300926.7293308013
-2405208.5683295536
-2.0
-1202605.2841647768
-1202605.2841647768
-2.0
-2.0
-901954.4631235825
-1803906.9262471653
-2.0
-1794260329.492043
-901954.4631235825
-2405208.5683295536
-1202605.2841647768
-76179698631.86737
-601577.5503719954
-300652.8210411942
-601577.5503719954
-2405208.5683295536
-2405208.5683295536
-601577.5503719954
-193551.34681608912
-902228.3714131897
-902228.3714131897
-902228.3714131897
-902502.2797027968
-275.9082896071146
-1203153.100743991
-902228.3714131897
-601303.6420823884
-300926.7293308013
-300926.7293308013
-601577.5503719954
-2405208.5683295536
-901954.4631235825
-902228.3714131897
-601577.5503719954
-601577.5503719954
-2405208.5683295536
-4481441709.235531
-2405208.5683295536
-75283771071.40552
-601577.5503719954
-1804454.7428263796
-901954.4631235825
-300926.7293308013
-1202605.2841647768
-275.9082896071146
-2.0
-1202605.2841647768
-275.9082896071146
-1793659575.66654
-76179397981.04633
-549.8165792142293
-549.8165792142293
-3585213497.952633
-2688985560.5780244
-901954.4631235825
-1202879.192454384
-1503256.105205971
-2.0
-2.0
-601303.6420823884
-1503256.105205971
-2.0
-300652.8210411942
-2.0
-275.9082896071146
-2405208.5683295536
-2.0
-1793358377.0289192
-2405208.5683295536
-301200.63762040844
-2.0
-902228.3714131897
-2104557.7472883593
-1803906.9262471653
-4481441709.235531
-1803906.9262471653
-275.9082896071146
-300926.7293308013
-1794260329.492043
-275.9082896071146
-275.9082896071146
-2.0
-602399.2752408169
-2405208.5683295536
-2405208.5683295536
-2104557.7472883593
-1202605.2841647768
-601577.5503719954
-275.9082896071146
-601577.5503719954
-300926.7293308013
-1503530.0134955782
-1202879.192454384
-823.7248688213439
-602947.091820031
-549.8165792142293
-823.7248688213439
-549.8165792142293
-903050.0962820111
-1804454.7428263796
-1793659575.6665397
-3585514696.5902534
-2.0
-302022.36248922977
-302022.36248922977
-1203700.9173232054
-275.9082896071146
-903324.0045716183
-2689587136.1283965
-2.0
-301474.5459100155
-2.0
-602399.2752408168
-2.0
-275.9082896071146
-2.0
-601577.5503719954
-2.0
-1202605.2841647768
-2.0
-3586115450.4157567
-2.0
-1794260329.492043
-300926.7293308013
-275.9082896071146
-4481141058.41449
-549.8165792142293
-902228.3714131897
-898332769.0301863
-549.8165792142293
-2.0
-1503803.9217851853
-2104831.6555779665
-2405208.5683295536
-2.0
-1804454.7428263796
-549.8165792142293
-275.9082896071146
-2.0
-3586115450.415756
-823.7248688213439
-2.0
-898332769.0301863
-903324.0045716183
-2.0
-2.0
-2405208.5683295536
-2104831.6555779665
-1203700.9173232054
-2.0
-2.0
-2405208.5683295536
-275.9082896071146
-2405208.5683295536
-601577.5503719955
-3586115450.4157567
-2.0
-73492517252.12389
-2.0
-2.0
-1794260329.492043
-275.9082896071146
-2405208.5683295536
-2.0
-275.9082896071146
-71700361754.28741
-2.0
-2.0
-2.0
-301474.5459100155
-2.0
-602399.2752408169
-2.0
-75283771071.40552
-4481742633.964862
-903324.0045716183
-897431638.2919316
-602399.2752408169
-2.0
-2.0
-2405208.5683295536
-602947.091820031
-2193.2663168569165
-1794260329.492043
-2405208.5683295536
-2104831.6555779665
-2.0
-1794260329.492043
-2193.2663168569165
-275.9082896071146
-1645.4497376426875
-275.9082896071146
-1794260329.492043
-2193.2663168569165
-3585214319.6775017
-2.0
-1919.358027249802
-2.0
-898032392.1174347
-2.0
-549.8165792142293
-302022.36248922965
-301474.54591001547
-301474.54591001547
-301474.5459100155
-2.0
-2405208.5683295536
-549.8165792142293
