-7170127988.533962
-2193.2663168569165
-2193.2663168569165
-2193.2663168569165
-7169827885.5295
-2193.2663168569165
-1879.9425573059286
-7169826242.079762
-1793401326.431925
-2405208.5683295536
-7172230900.831513
-2405208.5683295536
-2405208.5683295536
-2319308.2623177837
-2405208.5683295536
-2405208.5683295536
-1718006.1202353954
-2405208.5683295536
-2405208.5683295536
-2405208.5683295536
-2405208.5683295536
-1460305.202200086
-2405208.5683295536
-7172230900.831513
-1546205.508211856
-2405208.5683295536
-2405208.5683295536
-2405208.5683295536
-2405208.5683295536
-2405208.5683295536
-2405208.5683295536
-2405208.5683295536
-2405208.5683295536
-2405208.5683295536
-2405208.5683295536
-1202604.2841647768
-2405208.5683295536
-2061607.3442824746
-2319308.2623177837
-2405208.5683295536
-2319308.2623177837
-2405208.5683295536
-2405208.5683295536
-2405208.5683295536
-2405208.5683295536
-2405208.5683295536
-2405208.5683295536
-2405208.5683295536
-7172230900.831513
-1202604.2841647768
-2405208.5683295536
-2405208.5683295536
-2061607.3442824746
-2061607.3442824746
-1288504.5901765465
-2405208.5683295536
-1030803.6721412372
-2405208.5683295536
-2405208.5683295536
-2405208.5683295536
-1803906.4262471653
-2405208.5683295536
-2405208.5683295536
-1546205.508211856
-7172230900.831513
-2405208.5683295536
-2061607.3442824746
-2405208.5683295536
-1030803.6721412372
-2405208.5683295536
-2405208.5683295536
-2405208.5683295536
-2405208.5683295536
-2405208.5683295536
-2319308.2623177837
-2147507.6502942443
-2405208.5683295536
-2405208.5683295536
-2405208.5683295536
-1374404.8961883164
-7172230900.831513
-2405208.5683295536
-2405208.5683295536
-2405208.5683295536
-2405208.5683295536
-1718006.1202353954
-2405208.5683295536
-7172230900.831513
-2405208.5683295536
-2405208.5683295536
-2405208.5683295536
-2405208.5683295536
-2405208.5683295536
-2405208.5683295536
-1632105.8142236257
-2405208.5683295536
-2405208.5683295536
-1975707.038270705
-2405208.5683295536
-2405208.5683295536
-2405208.5683295536
-2405208.5683295536
-2405208.5683295536
-2405208.5683295536
-1460305.202200086
-2405208.5683295536
-1632105.8142236257
-2405208.5683295536
-2405208.5683295536
-2405208.5683295536
-1975707.038270705
-2405208.5683295536
-2405208.5683295536
-2405208.5683295536
-2233407.956306014
-1803906.4262471653
-7172230900.831513
-2405208.5683295536
-2405208.5683295536
-2405208.5683295536
-2405208.5683295536
-2405208.5683295536
-2405208.5683295536
-2405208.5683295536
-2405208.5683295536
-2405208.5683295536
-2405208.5683295536
-1718006.1202353954
-2405208.5683295536
-2405208.5683295536
-2405208.5683295536
-1889806.732258935
-2405208.5683295536
-2405208.5683295536
-2405208.5683295536
-2405208.5683295536
-2405208.5683295536
-7172230900.831513
-7172230900.831513
-2405208.5683295536
-2405208.5683295536
-1718006.1202353954
-2405208.5683295536
-2405208.5683295536
-2405208.5683295536
-2405208.5683295536
-2405208.5683295536
-2405208.5683295536
-2405208.5683295536
-2405208.5683295536
-2405208.5683295536
-1546205.508211856
-1803906.4262471653
-7172230900.831513
-2405208.5683295536
-2405208.5683295536
-7172230900.831513
-1374404.8961883164
-2405208.5683295536
-2405208.5683295536
-2405208.5683295536
-1460305.202200086
-2405208.5683295536
-2405208.5683295536
-2405208.5683295536
-2405208.5683295536
-2405208.5683295536
-2405208.5683295536
-2405208.5683295536
-1030803.6721412372
-2405208.5683295536
-1288504.5901765465
-2405208.5683295536
-1116703.9781530069
-2405208.5683295536
-2405208.5683295536
-2405208.5683295536
-2405208.5683295536
-2405208.5683295536
-2319308.2623177837
-2405208.5683295536
-2405208.5683295536
-2405208.5683295536
-2405208.5683295536
-2405208.5683295536
-2405208.5683295536
-2405208.5683295536
-2405208.5683295536
-2405208.5683295536
-1116703.9781530069
-2405208.5683295536
-2405208.5683295536
-2405208.5683295536
-2405208.5683295536
-2405208.5683295536
-2405208.5683295536
-2405208.5683295536
-2405208.5683295536
-2405208.5683295536
-2405208.5683295536
-2405208.5683295536
-2319308.2623177837
-1030803.6721412372
-2147507.6502942443
-2405208.5683295536
-2405208.5683295536
-2405208.5683295536
-2233407.956306014
-2405208.5683295536
-7172230900.831513
-2405208.5683295536
-1718006.1202353954
-2405208.5683295536
-7172230900.831513
-2405208.5683295536
-1460305.202200086
-2405208.5683295536
-2405208.5683295536
-2405208.5683295536
-2405208.5683295536
-1460305.202200086
-2405208.5683295536
-1632105.8142236257
-2405208.5683295536
-1975707.038270705
-2405208.5683295536
-2405208.5683295536
-2405208.5683295536
-2405208.5683295536
-2405208.5683295536
-2405208.5683295536
-2405208.5683295536
-2405208.5683295536
-2405208.5683295536
-1803906.4262471653
-2405208.5683295536
-2405208.5683295536
-2405208.5683295536
-2405208.5683295536
-2405208.5683295536
-2405208.5683295536
-2405208.5683295536
-7172230900.831513
-2405208.5683295536
-2405208.5683295536
-2405208.5683295536
-1288504.5901765465
-1889806.732258935
-2405208.5683295536
-2405208.5683295536
-7172230900.831513
-2405208.5683295536
-1803906.4262471653
-2405208.5683295536
-2405208.5683295536
-2233407.956306014
-2405208.5683295536
-1975707.038270705
-2405208.5683295536
-7172230900.831513
-2061607.3442824746
-2405208.5683295536
-2405208.5683295536
-1803906.4262471653
-2405208.5683295536
-2405208.5683295536
-2405208.5683295536
-2319308.2623177837
-2405208.5683295536
-2405208.5683295536
-1288504.5901765465
-2405208.5683295536
-1116703.9781530069
-2405208.5683295536
-2405208.5683295536
-1718006.1202353954
-2405208.5683295536
-2405208.5683295536
-2405208.5683295536
-2405208.5683295536
-1803906.4262471653
-2405208.5683295536
-2405208.5683295536
-2405208.5683295536
-2405208.5683295536
-2405208.5683295536
-7172230900.831513
-2405208.5683295536
-2405208.5683295536
-2405208.5683295536
-2405208.5683295536
-2405208.5683295536
-1975707.038270705
-2405208.5683295536
-1632105.8142236257
-2405208.5683295536
-2405208.5683295536
-1889806.732258935
-2405208.5683295536
-1202604.2841647768
-2319308.2623177837
-2319308.2623177837
-1460305.202200086
-2405208.5683295536
-2405208.5683295536
-2405208.5683295536
-2233407.956306014
-1546205.508211856
-1718006.1202353954
-2405208.5683295536
-2405208.5683295536
-2405208.5683295536
-2405208.5683295536
-2405208.5683295536
-2319308.2623177837
-2405208.5683295536
-7172230900.831513
-2405208.5683295536
-2405208.5683295536
-1546205.508211856
-2405208.5683295536
-2405208.5683295536
-2405208.5683295536
-1288504.5901765465
-2405208.5683295536
-2405208.5683295536
-2405208.5683295536
-2405208.5683295536
-2405208.5683295536
-7172230900.831513
-2405208.5683295536
-2405208.5683295536
-2405208.5683295536
-2405208.5683295536
-2405208.5683295536
-2405208.5683295536
-2405208.5683295536
-2405208.5683295536
-2405208.5683295536
-2405208.5683295536
-1546205.508211856
-2405208.5683295536
-2405208.5683295536
-2405208.5683295536
-1288504.5901765465
-7172230900.831513
-2405208.5683295536
-2405208.5683295536
-2405208.5683295536
-2405208.5683295536
-2405208.5683295536
-2405208.5683295536
-1718006.1202353954
-2405208.5683295536
-2405208.5683295536
-2147507.6502942443
-1546205.508211856
-2405208.5683295536
-2405208.5683295536
-1374404.8961883164
-7172230900.831513
-2405208.5683295536
-2405208.5683295536
-2405208.5683295536
-1202604.2841647768
-2405208.5683295536
-2405208.5683295536
-2233407.956306014
-7172230900.831513
-2405208.5683295536
-1546205.508211856
-1889806.732258935
-1288504.5901765465
-2405208.5683295536
-7172230900.831513
-2405208.5683295536
-2405208.5683295536
-2405208.5683295536
-1975707.038270705
-2405208.5683295536
-1030803.6721412372
-2405208.5683295536
-1030803.6721412372
-7172230900.831513
-2405208.5683295536
-2319308.2623177837
-2405208.5683295536
-2405208.5683295536
-2405208.5683295536
-2405208.5683295536
-2405208.5683295536
-2405208.5683295536
-2405208.5683295536
-2405208.5683295536
-2405208.5683295536
-2405208.5683295536
-1288504.5901765465
-2405208.5683295536
-2405208.5683295536
-1718006.1202353954
-2405208.5683295536
-1718006.1202353954
-2061607.3442824746
-2405208.5683295536
-2405208.5683295536
-1288504.5901765465
-2405208.5683295536
-2405208.5683295536
-7172230900.831513
-2405208.5683295536
-1460305.202200086
-2405208.5683295536
-2405208.5683295536
-7172230900.831513
-7172230900.831513
-2405208.5683295536
-2405208.5683295536
-2405208.5683295536
-2405208.5683295536
-2405208.5683295536
-1632105.8142236257
-2405208.5683295536
-1632105.8142236257
-2405208.5683295536
-2405208.5683295536
-2405208.5683295536
-2405208.5683295536
-7172230900.831513
-2405208.5683295536
-7172230900.831513
-2405208.5683295536
-2405208.5683295536
-2405208.5683295536
-2405208.5683295536
-2405208.5683295536
-2405208.5683295536
-1889806.732258935
-1546205.508211856
-1718006.1202353954
-2405208.5683295536
-2405208.5683295536
-2405208.5683295536
-2405208.5683295536
-2319308.2623177837
-2147507.6502942443
-2405208.5683295536
-2405208.5683295536
-2405208.5683295536
-2405208.5683295536
-2405208.5683295536
-1374404.8961883164
-2405208.5683295536
-2405208.5683295536
-1975707.038270705
-4482043010.877613
-2405208.5683295536
-2405208.5683295536
-3586115450.415756
-2405208.5683295536
-2405208.5683295536
-2405208.5683295536
-2405208.5683295536
-2405208.5683295536
-2405208.5683295536
-1202604.2841647768
-7172230900.831513
-1889806.732258935
-1460305.202200086
-1718006.1202353954
-2405208.5683295536
-2405208.5683295536
-2405208.5683295536
-2405208.5683295536
-2319308.2623177837
-2233407.956306014
-1889806.732258935
-2405208.5683295536
-2405208.5683295536
-2405208.5683295536
-2405208.5683295536
-2319308.2623177837
-2233407.956306014
-2405208.5683295536
-1374404.8961883164
-2405208.5683295536
-2405208.5683295536
-2405208.5683295536
-2405208.5683295536
-2405208.5683295536
-2405208.5683295536
-2405208.5683295536
-2405208.5683295536
-1975707.038270705
-2405208.5683295536
-1288504.5901765465
-2405208.5683295536
-2405208.5683295536
-2405208.5683295536
-2405208.5683295536
-2147507.6502942443
-2405208.5683295536
-2405208.5683295536
-2405208.5683295536
-1803906.4262471653
-7172230900.831513
-2405208.5683295536
-2405208.5683295536
-2405208.5683295536
-2405208.5683295536
-2405208.5683295536
-1803906.4262471653
-2405208.5683295536
-1546205.508211856
-2405208.5683295536
-2405208.5683295536
-2405208.5683295536
-2405208.5683295536
-2405208.5683295536
-2405208.5683295536
-1718006.1202353954
-2405208.5683295536
-2405208.5683295536
-1546205.508211856
-2405208.5683295536
-1718006.1202353954
-7172230900.831513
-1288504.5901765465
-2405208.5683295536
-2405208.5683295536
-2405208.5683295536
-2405208.5683295536
-1718006.1202353954
-2405208.5683295536
-2233407.956306014
-2405208.5683295536
-2405208.5683295536
-2405208.5683295536
-2405208.5683295536
-2405208.5683295536
-2405208.5683295536
-1546205.508211856
-2405208.5683295536
-2405208.5683295536
-2405208.5683295536
-2405208.5683295536
-2405208.5683295536
-2405208.5683295536
-2405208.5683295536
-2405208.5683295536
-2405208.5683295536
-2405208.5683295536
-2405208.5683295536
-1803906.4262471653
-2147507.6502942443
-1803906.4262471653
-1374404.8961883164
-1202604.2841647768
-1975707.038270705
-2405208.5683295536
-1889806.732258935
-1803906.4262471653
-7172230900.831513
-2405208.5683295536
-7172230900.831513
-1030803.6721412372
-2405208.5683295536
-7172230900.831513
-2147507.6502942443
-2405208.5683295536
-7172230900.831513
-2405208.5683295536
-1030803.6721412372
-2405208.5683295536
-2405208.5683295536
-2405208.5683295536
-2405208.5683295536
-2405208.5683295536
-7170729016.2677555
-2104831.6555779665
-7171029393.180507
-7169827885.5295
-2405208.5683295536
-2147507.6502942443
-1460305.202200086
-2405208.5683295536
-2405208.5683295536
-2405208.5683295536
-2405208.5683295536
-2405208.5683295536
-2405208.5683295536
-2405208.5683295536
-2405208.5683295536
-1202604.2841647768
-2405208.5683295536
-2405208.5683295536
-7172230900.831513
-2405208.5683295536
-2405208.5683295536
-2405208.5683295536
-2405208.5683295536
-2405208.5683295536
-2405208.5683295536
-2405208.5683295536
-1116703.9781530069
-1030803.6721412372
-2405208.5683295536
-2405208.5683295536
-2405208.5683295536
-2405208.5683295536
-2405208.5683295536
-2405208.5683295536
-2405208.5683295536
-2405208.5683295536
-1030803.6721412372
-2405208.5683295536
-2233407.956306014
-1030803.6721412372
-2405208.5683295536
-1975707.038270705
-2405208.5683295536
-2405208.5683295536
-2405208.5683295536
-7172230900.831513
-1116703.9781530069
-2405208.5683295536
-2147507.6502942443
-2405208.5683295536
-7172230900.831513
-1116703.9781530069
-2405208.5683295536
-1374404.8961883164
-2405208.5683295536
-2405208.5683295536
-2405208.5683295536
-2405208.5683295536
-2405208.5683295536
-2405208.5683295536
-2405208.5683295536
-2405208.5683295536
-2405208.5683295536
-7172230900.831513
-2405208.5683295536
-1632105.8142236257
-2405208.5683295536
-2405208.5683295536
-2405208.5683295536
-2405208.5683295536
-2405208.5683295536
-2405208.5683295536
-7172230900.831513
-2405208.5683295536
-1116703.9781530069
-2405208.5683295536
-2405208.5683295536
-2405208.5683295536
-2405208.5683295536
-2147507.6502942443
-1374404.8961883164
-1546205.508211856
-1288504.5901765465
-2405208.5683295536
-2405208.5683295536
-2405208.5683295536
-2405208.5683295536
-1460305.202200086
-2405208.5683295536
-2405208.5683295536
-1546205.508211856
-2405208.5683295536
-2061607.3442824746
-1975707.038270705
-2405208.5683295536
-1288504.5901765465
-2405208.5683295536
-2405208.5683295536
-2405208.5683295536
-1116703.9781530069
-2405208.5683295536
-2405208.5683295536
-2405208.5683295536
-2405208.5683295536
-2405208.5683295536
-2405208.5683295536
-1202604.2841647768
-1718006.1202353954
-2405208.5683295536
-2405208.5683295536
-2233407.956306014
-2405208.5683295536
-2405208.5683295536
-2405208.5683295536
-7172230900.831513
-1030803.6721412372
-2405208.5683295536
-2405208.5683295536
-7172230900.831513
-2405208.5683295536
-2405208.5683295536
-2405208.5683295536
-1460305.202200086
-2405208.5683295536
-2405208.5683295536
-1460305.202200086
-2405208.5683295536
-2405208.5683295536
-2405208.5683295536
-2405208.5683295536
-2405208.5683295536
-1975707.038270705
-1546205.508211856
-2405208.5683295536
-2405208.5683295536
-7172230900.831513
-2405208.5683295536
-2405208.5683295536
-2405208.5683295536
-2405208.5683295536
-2405208.5683295536
-2405208.5683295536
-2405208.5683295536
-1889806.732258935
-2405208.5683295536
-2405208.5683295536
-2405208.5683295536
-2405208.5683295536
-2405208.5683295536
-7172230900.831513
-2405208.5683295536
-2405208.5683295536
-2405208.5683295536
-1975707.038270705
-2405208.5683295536
-2405208.5683295536
-2405208.5683295536
-7172230900.831513
-2405208.5683295536
-7172230900.831513
-2405208.5683295536
-2405208.5683295536
-2405208.5683295536
-7171930523.918761
-2405208.5683295536
-2233407.956306014
-1803906.4262471653
-1202604.2841647768
-1116703.9781530069
-2405208.5683295536
-2405208.5683295536
-2405208.5683295536
-2405208.5683295536
-2405208.5683295536
-1202604.2841647768
-2233407.956306014
-2405208.5683295536
-2405208.5683295536
-2405208.5683295536
-2405208.5683295536
-2405208.5683295536
-2405208.5683295536
-1116703.9781530069
-1460305.202200086
-2405208.5683295536
-2405208.5683295536
-2405208.5683295536
-1975707.038270705
-2405208.5683295536
-2405208.5683295536
-1116703.9781530069
-2405208.5683295536
-2405208.5683295536
-2405208.5683295536
-2405208.5683295536
-1374404.8961883164
-2405208.5683295536
-1975707.038270705
-2405208.5683295536
-1460305.202200086
-2405208.5683295536
-1288504.5901765465
-2233407.956306014
-2405208.5683295536
-7172230900.831513
-1030803.6721412372
-2147507.6502942443
-2405208.5683295536
-2405208.5683295536
-2405208.5683295536
-2233407.956306014
-1374404.8961883164
-2405208.5683295536
-2405208.5683295536
-1803906.4262471653
-2405208.5683295536
-7171630147.00601
-2405208.5683295536
-1288504.5901765465
-2405208.5683295536
-2405208.5683295536
-7170128262.442252
-2405208.5683295536
-2405208.5683295536
-2405208.5683295536
-1202604.2841647768
-2405208.5683295536
-2405208.5683295536
-2405208.5683295536
-2405208.5683295536
-1116703.9781530069
-2405208.5683295536
-2319308.2623177837
-2405208.5683295536
-7171029393.180507
-7171029393.180507
-2405208.5683295536
-2405208.5683295536
-2405208.5683295536
-2405208.5683295536
-2405208.5683295536
-2405208.5683295536
-1889806.732258935
-2405208.5683295536
-7172230900.831513
-2405208.5683295536
-2405208.5683295536
-2405208.5683295536
-1546205.508211856
-2405208.5683295536
-2405208.5683295536
-2405208.5683295536
-2061607.3442824746
-2405208.5683295536
-2405208.5683295536
-2405208.5683295536
-2405208.5683295536
-2405208.5683295536
-2405208.5683295536
-2405208.5683295536
-2405208.5683295536
-2405208.5683295536
-2405208.5683295536
-2405208.5683295536
-2061607.3442824746
-2405208.5683295536
-1460305.202200086
-7172230900.831513
-2405208.5683295536
-2233407.956306014
-7172230900.831513
-2405208.5683295536
-2405208.5683295536
-7172230900.831513
-7172230900.831513
-1460305.202200086
-2405208.5683295536
-2233407.956306014
-2405208.5683295536
-2405208.5683295536
-2405208.5683295536
-2147507.6502942443
-2405208.5683295536
-2405208.5683295536
-2405208.5683295536
-2405208.5683295536
-2405208.5683295536
-2405208.5683295536
-2405208.5683295536
-2405208.5683295536
-1030803.6721412372
-2405208.5683295536
-2405208.5683295536
-2405208.5683295536
-1374404.8961883164
-2405208.5683295536
-1803906.4262471653
-7172230900.831513
-2405208.5683295536
-2405208.5683295536
-7172230900.831513
-1030803.6721412372
-2405208.5683295536
-7172230900.831513
-2405208.5683295536
-2405208.5683295536
-2405208.5683295536
-2405208.5683295536
-2405208.5683295536
-7172230900.831513
-2405208.5683295536
-2405208.5683295536
-2405208.5683295536
-2405208.5683295536
-2405208.5683295536
-2405208.5683295536
-1632105.8142236257
-1889806.732258935
-2405208.5683295536
-2405208.5683295536
-1202604.2841647768
-2405208.5683295536
-2405208.5683295536
-2147507.6502942443
-2405208.5683295536
-1460305.202200086
-1460305.202200086
-2405208.5683295536
-2405208.5683295536
-2405208.5683295536
-1803906.4262471653
-2405208.5683295536
-2405208.5683295536
-2405208.5683295536
-1975707.038270705
-1632105.8142236257
-2405208.5683295536
-1718006.1202353954
-1975707.038270705
-2405208.5683295536
-1718006.1202353954
-2405208.5683295536
-1374404.8961883164
-1718006.1202353954
-2405208.5683295536
-1632105.8142236257
-2405208.5683295536
-2405208.5683295536
-2405208.5683295536
-7172230900.831513
-2405208.5683295536
-7172230900.831513
-2405208.5683295536
-2405208.5683295536
-2405208.5683295536
-1116703.9781530069
-2405208.5683295536
-1546205.508211856
-1030803.6721412372
-2405208.5683295536
-1803906.4262471653
-2233407.956306014
-1889806.732258935
-2405208.5683295536
-2405208.5683295536
-1288504.5901765465
-2405208.5683295536
-2405208.5683295536
-2405208.5683295536
-2405208.5683295536
-2405208.5683295536
-2405208.5683295536
-7172230900.831513
-1460305.202200086
-2405208.5683295536
-2405208.5683295536
-1374404.8961883164
-2405208.5683295536
-2405208.5683295536
-2405208.5683295536
-2405208.5683295536
-2405208.5683295536
-2405208.5683295536
-2405208.5683295536
-2405208.5683295536
-1546205.508211856
-2405208.5683295536
-7172230900.831513
-2405208.5683295536
-7172230900.831513
-1546205.508211856
-2405208.5683295536
-7172230900.831513
-2405208.5683295536
-2319308.2623177837
-2405208.5683295536
-2405208.5683295536
-1803906.4262471653
-2405208.5683295536
-2405208.5683295536
-1202604.2841647768
-2405208.5683295536
-2405208.5683295536
-2405208.5683295536
-2405208.5683295536
-1116703.9781530069
-2405208.5683295536
-2405208.5683295536
-2405208.5683295536
-2405208.5683295536
-2405208.5683295536
-2405208.5683295536
-2405208.5683295536
-2405208.5683295536
-2405208.5683295536
-2405208.5683295536
-2405208.5683295536
-1288504.5901765465
-1632105.8142236257
-2405208.5683295536
-1546205.508211856
-2405208.5683295536
-2405208.5683295536
-2405208.5683295536
-7172230900.831513
-2405208.5683295536
-1116703.9781530069
-2319308.2623177837
-2405208.5683295536
-2405208.5683295536
-2405208.5683295536
-1202604.2841647768
-2405208.5683295536
-7172230900.831513
-2405208.5683295536
-2405208.5683295536
-1202604.2841647768
-2405208.5683295536
-7172230900.831513
-2405208.5683295536
-2405208.5683295536
-2405208.5683295536
-1460305.202200086
-2405208.5683295536
-7172230900.831513
-2405208.5683295536
-2405208.5683295536
-2405208.5683295536
-2405208.5683295536
-2405208.5683295536
-2405208.5683295536
-7172230900.831513
-2405208.5683295536
-2405208.5683295536
-2405208.5683295536
-2319308.2623177837
-2405208.5683295536
-2405208.5683295536
-1718006.1202353954
-2405208.5683295536
-2405208.5683295536
-2405208.5683295536
-1803906.4262471653
-1202604.2841647768
-2405208.5683295536
-2405208.5683295536
-2405208.5683295536
-2405208.5683295536
-2147507.6502942443
-1546205.508211856
-2405208.5683295536
-2405208.5683295536
-2405208.5683295536
-2405208.5683295536
-2405208.5683295536
-2405208.5683295536
-1546205.508211856
-1030803.6721412372
-1546205.508211856
-7172230900.831513
-2405208.5683295536
-1632105.8142236257
-2405208.5683295536
-2061607.3442824746
-2405208.5683295536
-2405208.5683295536
-2405208.5683295536
-2405208.5683295536
-2405208.5683295536
-2405208.5683295536
-2405208.5683295536
-2405208.5683295536
-2405208.5683295536
-2405208.5683295536
-2405208.5683295536
-7172230900.831513
-2405208.5683295536
-2405208.5683295536
-1632105.8142236257
-1975707.038270705
-2405208.5683295536
-2405208.5683295536
-1460305.202200086
-2405208.5683295536
-2405208.5683295536
-2405208.5683295536
-2405208.5683295536
-2405208.5683295536
-7172230900.831513
-2405208.5683295536
-7172230900.831513
-2405208.5683295536
-2405208.5683295536
-2405208.5683295536
-2405208.5683295536
-2405208.5683295536
-2405208.5683295536
-2405208.5683295536
-2405208.5683295536
-2405208.5683295536
-2405208.5683295536
-2405208.5683295536
-2405208.5683295536
-2405208.5683295536
-2405208.5683295536
-2233407.956306014
-2233407.956306014
-2405208.5683295536
-2405208.5683295536
-2405208.5683295536
-2405208.5683295536
-1718006.1202353954
-2405208.5683295536
-1030803.6721412372
-7172230900.831513
-2405208.5683295536
-1202604.2841647768
-2405208.5683295536
-2405208.5683295536
-2405208.5683295536
-2405208.5683295536
-2405208.5683295536
-2405208.5683295536
-2405208.5683295536
-2405208.5683295536
-1116703.9781530069
-2405208.5683295536
-2405208.5683295536
-2405208.5683295536
-1030803.6721412372
-2405208.5683295536
-2405208.5683295536
-2319308.2623177837
-2319308.2623177837
-2405208.5683295536
-2405208.5683295536
-2147507.6502942443
-2405208.5683295536
-2405208.5683295536
-2405208.5683295536
-1546205.508211856
-2405208.5683295536
-2405208.5683295536
-2405208.5683295536
-2233407.956306014
-2233407.956306014
-2405208.5683295536
-2405208.5683295536
-2147507.6502942443
-1975707.038270705
-2405208.5683295536
-2405208.5683295536
-1975707.038270705
-1889806.732258935
-2147507.6502942443
-2405208.5683295536
-1803906.4262471653
-1889806.732258935
-1030803.6721412372
-2405208.5683295536
-1030803.6721412372
-1030803.6721412372
-1116703.9781530069
-1889806.732258935
-1889806.732258935
-2405208.5683295536
-1460305.202200086
-2405208.5683295536
-2405208.5683295536
-2405208.5683295536
-1975707.038270705
-1546205.508211856
-2319308.2623177837
-2405208.5683295536
-2405208.5683295536
-1546205.508211856
-2405208.5683295536
-2405208.5683295536
-2405208.5683295536
-7172230900.831513
-1116703.9781530069
-7172230900.831513
-2405208.5683295536
-2405208.5683295536
-2405208.5683295536
-2405208.5683295536
-2405208.5683295536
-2405208.5683295536
-2405208.5683295536
-7171930523.918761
-2405208.5683295536
-2061607.3442824746
-2405208.5683295536
-2405208.5683295536
-2405208.5683295536
-2405208.5683295536
-2405208.5683295536
-2405208.5683295536
-1202604.2841647768
-2405208.5683295536
-2405208.5683295536
-2405208.5683295536
-1288504.5901765465
-2405208.5683295536
-2405208.5683295536
-2405208.5683295536
-2405208.5683295536
-2405208.5683295536
-1803906.4262471653
-1460305.202200086
-1116703.9781530069
-1460305.202200086
-7172230900.831513
-2405208.5683295536
-2405208.5683295536
-2405208.5683295536
-2405208.5683295536
-2405208.5683295536
-2405208.5683295536
-2405208.5683295536
-2405208.5683295536
-2405208.5683295536
-2405208.5683295536
-2405208.5683295536
-7172230900.831513
-7170428639.355003
-2405208.5683295536
-2405208.5683295536
-2405208.5683295536
-2405208.5683295536
-2405208.5683295536
-2405208.5683295536
-1889806.732258935
-2405208.5683295536
-2405208.5683295536
-2061607.3442824746
-2405208.5683295536
-7172230900.831513
-1632105.8142236257
-2405208.5683295536
-1546205.508211856
-1116703.9781530069
-1803906.4262471653
-2233407.956306014
-2405208.5683295536
-1030803.6721412372
-2405208.5683295536
-2405208.5683295536
-7172230900.831513
-2405208.5683295536
-7172230900.831513
-2405208.5683295536
-2405208.5683295536
-7172230900.831513
-2405208.5683295536
-2405208.5683295536
-2233407.956306014
-1546205.508211856
-2405208.5683295536
-1030803.6721412372
-2405208.5683295536
-2405208.5683295536
-1460305.202200086
-2405208.5683295536
-2405208.5683295536
-1030803.6721412372
-2405208.5683295536
-2405208.5683295536
-2405208.5683295536
-2405208.5683295536
-1374404.8961883164
-1288504.5901765465
-2405208.5683295536
-1202604.2841647768
-1718006.1202353954
-1546205.508211856
-7172230900.831513
-2405208.5683295536
-2405208.5683295536
-2405208.5683295536
-2405208.5683295536
-2405208.5683295536
-2405208.5683295536
-1374404.8961883164
-2147507.6502942443
-2405208.5683295536
-2405208.5683295536
-2405208.5683295536
-2405208.5683295536
-1718006.1202353954
-2405208.5683295536
-2405208.5683295536
-1632105.8142236257
-2405208.5683295536
-2405208.5683295536
-2405208.5683295536
-2405208.5683295536
-2405208.5683295536
-2405208.5683295536
-2405208.5683295536
-2405208.5683295536
-1374404.8961883164
-2405208.5683295536
-2405208.5683295536
-7172230900.831513
-1374404.8961883164
-7172230900.831513
-1030803.6721412372
-2405208.5683295536
-2405208.5683295536
-2405208.5683295536
-1202604.2841647768
-1889806.732258935
-2405208.5683295536
-2405208.5683295536
-2405208.5683295536
-2405208.5683295536
-2405208.5683295536
-1889806.732258935
-2147507.6502942443
-1460305.202200086
-2405208.5683295536
-2405208.5683295536
-2405208.5683295536
-2233407.956306014
-2104831.6555779665
-1975707.038270705
-2233407.956306014
-7169827885.5295
-2405208.5683295536
-1632105.8142236257
-7169827885.5295
-2405208.5683295536
-2405208.5683295536
-2405208.5683295536
-2405208.5683295536
-2405208.5683295536
-2405208.5683295536
-2405208.5683295536
-2405208.5683295536
-2405208.5683295536
-2405208.5683295536
-2405208.5683295536
-2405208.5683295536
-2405208.5683295536
-2405208.5683295536
-1632105.8142236257
-7169827885.5295
-2405208.5683295536
-2405208.5683295536
-7171930523.918761
-1546205.508211856
-2405208.5683295536
-2405208.5683295536
-2405208.5683295536
-7171930523.918761
-2405208.5683295536
-2405208.5683295536
-2405208.5683295536
-1116703.9781530069
-2405208.5683295536
-1030803.6721412372
-2405208.5683295536
-2405208.5683295536
-2405208.5683295536
-2405208.5683295536
-2405208.5683295536
-2405208.5683295536
-7170428639.355003
-1288504.5901765465
-1632105.8142236257
-2405208.5683295536
-2405208.5683295536
-2405208.5683295536
-1288504.5901765465
-1975707.038270705
-1202604.2841647768
-2405208.5683295536
-7172230900.831513
-2405208.5683295536
-2405208.5683295536
-2405208.5683295536
-2405208.5683295536
-1546205.508211856
-2405208.5683295536
-2405208.5683295536
-2405208.5683295536
-7170729016.2677555
-2147507.6502942443
-2405208.5683295536
-2405208.5683295536
-2233407.956306014
-2405208.5683295536
-1116703.9781530069
-2405208.5683295536
-2405208.5683295536
-2405208.5683295536
-2405208.5683295536
-2405208.5683295536
-2405208.5683295536
-7169827885.5295
-2405208.5683295536
-2405208.5683295536
-2147507.6502942443
-2405208.5683295536
-2405208.5683295536
-2405208.5683295536
-2405208.5683295536
-2405208.5683295536
-7169827885.5295
-2405208.5683295536
-2405208.5683295536
-2405208.5683295536
-1632105.8142236257
-2405208.5683295536
-1202604.2841647768
-2405208.5683295536
-1116703.9781530069
-7170428639.355003
-1546205.508211856
-1374404.8961883164
-2405208.5683295536
-2405208.5683295536
-2405208.5683295536
-2405208.5683295536
-1504077.8300747925
-2405208.5683295536
-2405208.5683295536
-2405208.5683295536
-1632105.8142236257
-2405208.5683295536
-2405208.5683295536
-1889806.732258935
-1803906.4262471653
-2405208.5683295536
-2061607.3442824746
-7171329770.093259
-2405208.5683295536
-2147507.6502942443
-7169827885.5295
-1546205.508211856
-2405208.5683295536
-2405208.5683295536
-1116703.9781530069
-2405208.5683295536
-2319308.2623177837
-2405208.5683295536
-2405208.5683295536
-2405208.5683295536
-2405208.5683295536
-2405208.5683295536
-1546205.508211856
-2405208.5683295536
-2405208.5683295536
-2405208.5683295536
-1546205.508211856
-1975707.038270705
-2319308.2623177837
-1632105.8142236257
-2061607.3442824746
-2405208.5683295536
-7170128262.442252
-1374404.8961883164
-2405208.5683295536
-2405208.5683295536
-2405208.5683295536
-2405208.5683295536
-2405208.5683295536
-2405208.5683295536
-2405208.5683295536
-2405208.5683295536
-7170729016.2677555
-7170428639.355003
-2405208.5683295536
-2405208.5683295536
-2405208.5683295536
-2405208.5683295536
-1202604.2841647768
-2405208.5683295536
-2104831.6555779665
-2405208.5683295536
-1632105.8142236257
-2405208.5683295536
-2405208.5683295536
-2061607.3442824746
-2405208.5683295536
-2405208.5683295536
-2405208.5683295536
-2405208.5683295536
-1632105.8142236257
-2405208.5683295536
-2405208.5683295536
-2147507.6502942443
-2405208.5683295536
-7169827885.5295
-2405208.5683295536
-1202604.2841647768
-2405208.5683295536
-2405208.5683295536
-7171029393.180507
-2405208.5683295536
-2405208.5683295536
-2319308.2623177837
