-1203153.100743991
-1793959952.5792913
-898332769.0301864
-2319308.2623177837
-902776.187992404
-245327829.5857321
-530792276.1664396
-7170426995.905266
-300926.7293308013
-8962582767.65002
-8066354830.275413
-571228997.1658767
-1503530.0134955782
-1794260329.492043
-898032392.1174349
-1803906.9262471653
-1202604.5341647768
-2405208.5683295536
-1804180.8345367725
-897731467.3881041
-2104557.7472883593
-898332769.0301864
-2405208.5683295536
-7171629873.09772
-2104831.6555779665
-8068158461.29337
-1138453.2129455565
-2104831.6555779665
-898032118.2091453
-1825655.661039715
-2104557.7472883593
-1739755.605027945
-2061607.3442824746
-880752.5449102472
-898032118.2091452
-1288504.5901765465
-1794260329.492043
-2405208.5683295536
-1794260329.4920425
-898032118.2091453
-2405208.5683295536
-2104557.7472883593
-2405208.5683295536
-1503803.9217851853
-1460305.202200086
-2405208.5683295536
-1116703.9781530069
-2405208.5683295536
-1374404.8961883164
-1374404.8961883164
-2104557.7472883593
-2104557.7472883593
-1202604.2841647768
-898332769.0301864
-898332769.0301863
-2405208.5683295536
-2405208.5683295536
-1052552.9069337868
-7171930250.010472
-2405208.5683295536
-1202604.2841647768
-2405208.5683295536
-2405208.5683295536
-2104831.6555779665
-1803906.4262471653
-1374404.8961883164
-1997456.2730632545
-2405208.5683295536
-7172230900.831513
-2405208.5683295536
-2405208.5683295536
-1794260329.492043
-2405208.5683295536
-2319308.2623177837
-897732015.2046832
-2405208.5683295536
-897387865.6640569
-2405208.5683295536
-898332769.0301864
-2405208.5683295536
-8067857810.472329
-2405208.5683295536
-1030803.6721412372
-7171930250.010472
-2405208.5683295536
-2405208.5683295536
-2405208.5683295536
-897559666.7760804
-7169825694.263184
-7169825968.1714735
-902502.2797027968
-7171629873.09772
-7172230900.831513
-898032118.2091452
-2083356.5790750242
-2405208.5683295536
-2405208.5683295536
-2405208.5683295536
-2405208.5683295536
-897903267.7501276
-2104557.7472883593
-2104557.7472883593
-2104557.7472883593
-2405208.5683295536
-2405208.5683295536
-1792800024.2898428
-2405208.5683295536
-2104557.7472883593
-1804454.7428263796
-2405208.5683295536
-2104557.7472883593
-896786564.5219744
-897731467.3881041
-898032392.1174349
-2104557.7472883593
-2104557.7472883593
-1503256.105205971
-2104831.6555779665
-1203153.100743991
-1804454.7428263796
-897130439.6543112
-1804454.7428263796
-902228.3714131897
-7171930523.918761
-2405208.5683295536
-901954.4631235825
-1202605.2841647768
-903324.0045716183
-7169827611.621211
-301200.6376204084
-1645.4497376426875
-902502.2797027968
-1203427.0090335982
-2405208.5683295536
-898332769.0301864
-2405208.5683295536
-1288504.5901765465
-7169827885.5295
-7169827885.5295
-1794260329.4920428
-1546205.508211856
-2233407.956306014
-1202604.2841647768
-2405208.5683295536
-2405208.5683295536
-2405208.5683295536
-898332769.0301863
-2405208.5683295536
-2405208.5683295536
-898032118.2091451
-2405208.5683295536
-2405208.5683295536
-897903267.5001276
-1804180.8345367725
-2405208.5683295536
-2104831.6555779665
-898332769.0301864
-2405208.5683295536
-2405208.5683295536
-2405208.5683295536
-2405208.5683295536
-2405208.5683295536
-898332769.0301864
-2104831.6555779665
-1803906.9262471653
-2405208.5683295536
-2104831.6555779665
-7172230900.831513
-2405208.5683295536
-2405208.5683295536
-7171930250.010472
-1803906.9262471653
-7171930250.010472
-1803906.9262471653
-2.0
-2104557.7472883593
-898332769.0301864
-8068158461.29337
-901954.4631235825
-300652.8210411942
-601303.6420823884
-601303.6420823884
-1503256.105205971
-2061607.5942824746
-1503256.105205971
-1803906.9262471653
-1202605.2841647768
-2104831.6555779665
-1803906.9262471653
-2405208.5683295536
-2405208.5683295536
-2104831.6555779665
-897817367.1941159
-1546205.508211856
-2104557.7472883593
-2104831.6555779665
-898332769.0301864
-2233407.956306014
-2405208.5683295536
-1202604.2841647768
-2405208.5683295536
-2405208.5683295536
-1794260329.4920433
-2405208.5683295536
-2405208.5683295536
-898032392.1174347
-2405208.5683295536
-2104831.6555779665
-1374404.8961883164
-1203700.9173232052
-1374405.1461883164
-2405208.5683295536
-2405208.5683295536
-896872463.8279862
-2405208.5683295536
-898332769.0301863
-896230130.640925
-903324.0045716183
-2405208.5683295536
-2104831.6555779665
-979507409.9166814
-2405208.5683295536
-2405208.5683295536
-1794260329.4920433
-7172230900.831513
-897301965.3580451
-2405208.5683295536
-2405208.5683295536
-2405208.5683295536
-7172230900.831513
-1396154.130980866
-897130987.4708903
-896530507.5536767
-302570.17906844383
-2193.2663168569165
-896830610.5581387
-898032392.1174349
-2104557.7472883593
-2104831.6555779665
-898075068.112151
-302570.17906844395
-2193.2663168569165
-1504077.8300747925
-897387865.6640568
-2405208.5683295536
-2104831.6555779665
-898032392.1174347
-1482054.4369926357
-2104557.7472883593
-2104557.7472883593
-1503530.0134955782
-7171329496.184969
-2104557.7472883593
-2405208.5683295536
-898032392.1174347
-2405208.5683295536
-1804454.7428263796
-1804454.7428263796
-2104831.6555779665
-2405208.5683295536
-898332769.0301864
-2405208.5683295536
-1203700.9173232054
-2193.2663168569165
-602947.091820031
-8066356199.81686
-1793659301.7582502
-2104831.6555779665
-903324.0045716183
-1203700.9173232054
-163853085.44477513
-1718006.1202353954
-2233407.956306014
-2405208.5683295536
-2405208.5683295536
-1030803.6721412372
-2193.2663168569165
-897131261.3791798
-2405208.5683295536
-1203700.9173232054
-903324.0045716183
-1804454.7428263796
-2104831.6555779665
-898332769.0301864
-302296.27077883674
-602947.091820031
-302296.27077883686
-896830884.4664283
-2104831.6555779665
-903324.0045716183
-302570.179068444
-898332769.0301865
-7169827885.5295
-7170128262.442252
-897131261.3791798
-1504077.8300747925
-7169827885.5295
-602947.0918200313
-1504077.8300747925
-1975707.038270705
-7169827885.5295
-2104831.6555779665
-896230130.6409252
-7170729016.2677555
-2689587136.1283965
-2405208.5683295536
-2104557.7472883593
-898032392.1174347
-302570.179068444
-795948.622056906
-2405208.5683295536
-1975707.038270705
-2405208.5683295536
-7172230900.831513
-7170128262.442252
-1793058547.932747
-2104831.6555779665
-2193.2663168569165
-1504077.8300747925
-896830884.4664282
-302296.2707788368
-898332769.0301864
-2405208.5683295536
-2405208.5683295536
-1504077.8300747925
-897431638.2919316
-1288504.5901765465
-2405208.5683295536
-897731741.2963935
-1503530.0134955782
-2405208.5683295536
-2405208.5683295536
-897732015.2046832
-903324.0045716183
-602947.091820031
-602947.0918200313
-302570.179068444
-7171630147.00601
-2104831.6555779665
-1504077.8300747925
-2193.2663168569165
-302296.2707788368
-2036.6044370814225
-2405208.5683295536
-7171629873.09772
-1919.358027249802
-302570.1790684439
-1803906.4262471653
-7170428639.355003
-1919.358027249802
-896830610.5581388
-7170428639.355003
-903050.0962820111
-1203700.9173232054
-1203700.9173232054
-815354221.7174441
-302570.179068444
-1504077.8300747925
-1804454.7428263796
-903324.0045716183
-302570.179068444
-7169827337.712921
-7171930523.918761
-2193.2663168569165
-1504077.8300747925
-2193.2663168569165
-2193.2663168569165
-1371.541448035573
-2193.2663168569165
-1804454.7428263796
-2405208.5683295536
-1804454.7428263796
-2193.2663168569165
-2193.2663168569165
-302570.17906844395
-2104831.6555779665
-7169827885.5295
-602673.183530424
-1804454.7428263796
-1804454.7428263796
-302570.179068444
-2193.2663168569165
-710048.3160451362
-302570.17906844383
-897732015.2046832
-903324.0045716183
-1919.358027249802
-2193.2663168569165
-2405208.5683295536
-2104557.7472883593
-1975707.038270705
-7171028571.455638
-1203427.0090335982
-1203700.9173232054
-2147507.6502942443
-896530115.8989774
-1919.358027249802
-7169825694.263184
-7170127988.533962
-1010151.0705071162
-7169825694.263184
-2405208.5683295536
-1911555.9670514846
-898332769.0301864
-902658.1915825723
-7171629599.189431
-897131261.3791798
-1804454.7428263796
-1203700.9173232054
-1504077.8300747925
-302570.17906844383
-7170126345.084225
-302570.179068444
-1546205.508211856
-896786563.7719744
-7170126892.900804
-896637608.7779016
-2405208.5683295536
-2405208.5683295536
-2405208.5683295536
-302570.179068444
-897409615.1488495
-2104831.6555779665
-903324.0045716183
-7170427269.813556
-2104831.6555779665
-2193.2663168569165
-896229856.7326353
-903324.0045716183
-903050.0962820111
-903050.0962820111
-602673.183530424
-903324.0045716183
-897431638.2919315
-7169825694.263184
-1804454.7428263796
-2193.2663168569165
-7171029393.180507
-2193.2663168569165
-1504077.8300747925
-7170426995.905266
-898332769.0301863
-2104557.7472883593
-1203700.9173232054
-2193.2663168569165
-2193.2663168569165
-1504077.8300747925
-1203700.9173232054
-8066053905.546082
-602947.091820031
-2104831.6555779665
-2405208.5683295536
-903324.0045716183
-2193.2663168569165
-897732015.2046833
-903324.0045716183
-1919.358027249802
-407978310.2463425
-1203700.9173232054
-2104831.6555779665
-1460305.202200086
-1793959678.6710017
-2104557.7472883593
-7172230900.831513
-602947.0918200313
-2193.2663168569165
-302296.27077883686
-1504077.8300747925
-1203700.9173232054
-7170427269.813556
-1792887021.229013
-1546205.508211856
-2405208.5683295536
-903050.0962820111
-302022.36248922977
-896830884.4664282
-897732015.2046832
-1116703.9781530069
-1504077.8300747925
-2193.2663168569165
-2193.2663168569165
-7169825694.263184
-1804454.7428263796
-897301965.3580451
-2104831.6555779665
-2405208.5683295536
-302570.17906844383
-302570.17906844395
-2104831.6555779665
-2193.2663168569165
-2193.2663168569165
-7169825694.263184
-7169825694.263184
-2193.2663168569165
-2233407.956306014
-1803906.9262471653
-1804454.7428263796
-2193.2663168569165
-2405208.5683295536
-1504077.8300747925
-898075068.1121511
-1804180.8345367725
-897131261.3791798
-1919.358027249802
-8066354556.367123
-795948.622056906
-1202604.2841647768
-1804454.7428263796
-2104831.6555779665
-2405208.5683295536
-897130987.4708903
-2193.2663168569165
-1203700.9173232052
-602947.091820031
-2405208.5683295536
-7169825694.263184
-1504077.8300747925
-2405208.5683295536
-1804454.7428263796
-896229856.7326354
-1793058821.8410366
-896530507.5536767
-602947.091820031
-7169825694.263184
-2405208.5683295536
-1804454.7428263796
-898032392.1174349
-302570.17906844395
-602947.091820031
-8066053905.546082
-474096.6328023764
-7171629873.09772
-896530507.5536768
-2104557.7472883593
-2405208.5683295536
-2233407.956306014
-1504077.8300747925
-7170727920.634597
-2104831.6555779665
-897817367.1941158
-2405208.5683295536
-1030803.9221412372
-2405208.5683295536
-602947.091820031
-1804454.7428263796
-1504077.8300747925
-1804180.8345367725
-2104831.6555779665
-7172230900.831513
-2405208.5683295536
-896229856.7326356
-896230130.640925
-896230130.6409252
-903324.0045716183
-898032392.1174349
-2233407.956306014
-2405208.5683295536
-7172230900.831513
-2104831.6555779665
-1645.4497376426875
-897732015.2046832
-2104831.6555779665
-2405208.5683295536
-1739755.355027945
-2405208.5683295536
-1804454.7428263796
-2405208.5683295536
-2193.2663168569165
-896830884.4664282
-898332769.0301863
-2405208.5683295536
-2193.2663168569165
-7171029393.180507
-7170127988.533962
-1804180.8345367725
-1804454.7428263796
-898032392.1174347
-1718006.1202353954
-2104557.7472883593
-901954.4631235825
-7169825968.1714735
-602947.091820031
-2104557.7472883593
-2405208.5683295536
-1803906.9262471653
-2104557.7472883593
-2.0
-2.0
-601303.6420823884
-7171930250.010472
-2104831.6555779665
-898332769.0301865
-1804454.7428263796
-896229856.7326354
-1460305.202200086
-2147507.6502942443
-2405208.5683295536
-2405208.5683295536
-1632105.8142236257
-1374404.8961883164
-7171329770.093259
-2104831.6555779665
-1202604.2841647768
-2405208.5683295536
-2405208.5683295536
-897645566.5820923
-2405208.5683295536
-2405208.5683295536
-2405208.5683295536
-2405208.5683295536
-1975707.038270705
-302570.179068444
-366447.0919980571
-1804180.8345367725
-302570.17906844383
-302022.3624892297
-1804180.8345367725
-2405208.5683295536
-1116703.9781530069
-2405208.5683295536
-2104557.7472883593
-1288504.5901765465
-903324.0045716183
-2405208.5683295536
-1794260329.4920433
-898332769.0301864
-1138453.2129455565
-1794002628.5740077
-2193.2663168569165
-1203700.9173232054
-302570.17906844383
-1504077.8300747925
-602947.091820031
-2405208.5683295536
-1504077.8300747925
-903324.0045716183
-1804454.7428263796
-2405208.5683295536
-8962282116.82898
-896829514.9249804
-896872463.8279862
-1804180.8345367725
-2104831.6555779665
-302570.179068444
-602947.091820031
-602947.0918200309
-896230130.640925
-2104557.7472883593
-1803906.9262471653
-1202605.2841647768
-901954.4631235825
-2104557.7472883593
-1503530.0134955782
-1804454.7428263796
-1116704.2281530069
-2405208.5683295536
-8066354830.275413
-2405208.5683295536
-1793959678.671002
-7169825694.263184
-1804454.7428263796
-302570.17906844383
-549.8165792142293
-602399.2752408169
-898332769.0301864
-2405208.5683295536
-1804454.7428263796
-2104831.6555779665
-898332769.0301865
-897732015.2046832
-2104831.6555779665
-898032392.1174349
-2104557.7472883593
-1889806.732258935
-2104831.6555779665
-898332769.0301864
-7169825694.263184
-2104831.6555779665
-1804454.7428263796
-898032392.1174347
-2405208.5683295536
-1919.358027249802
-602947.0918200312
-2405208.5683295536
-2104831.6555779665
-2405208.5683295536
-898032118.2091453
-2104831.6555779665
-1804454.7428263796
-898332769.0301865
-2104557.7472883593
-1224353.5189573264
-1718006.1202353954
-1879.9425573059286
-2405208.5683295536
-896528864.1039392
-302139.3588990613
-302570.179068444
-896230130.6409249
-2193.2663168569165
-1804454.7428263796
-898332769.0301865
-164153188.19923714
-2405208.5683295536
-2104557.7472883593
-2104831.6555779665
-2104557.7472883593
-2.0
-1792458068.0155334
-903324.0045716183
-1504077.8300747925
-2193.2663168569165
-1203700.9173232054
-1504077.8300747925
-1288504.5901765465
-2104557.7472883593
-1504077.8300747925
-1804454.7428263796
-123416364.69533786
-602673.183530424
-897431638.2919316
-302296.27077883686
-903050.0962820111
-602947.091820031
-896958364.1339979
-1503256.105205971
-1803906.9262471653
-602947.0918200309
-898332769.0301864
-2405208.5683295536
-897989167.8061392
-897431638.2919316
-1374404.8961883164
-7170126618.992515
-2405208.5683295536
-2405208.5683295536
-897732015.2046831
-7171630147.00601
-903324.0045716183
-2193.2663168569165
-896830884.4664282
-2036.6044370814225
-1793659301.7582502
-1203700.9173232054
-7170426995.905266
-1804454.7428263796
-7171930523.918761
-2405208.5683295536
-2405208.5683295536
-2104557.7472883593
-2405208.5683295536
-897130713.5626007
-896528864.1039392
-2.0
-7171930250.010472
-897731741.2963936
-898032118.2091452
-1460305.202200086
-897430816.5670627
-7171329222.276679
-896829788.83327
-903324.0045716183
-2405208.5683295536
-1803906.9262471653
-2104557.7472883593
-901954.4631235825
-601851.4586616026
-1803906.9262471653
-7171629599.189431
-7170427269.813556
-1503256.105205971
-2104831.6555779665
-1203153.100743991
-1202605.2841647768
-7169825694.263184
-2104831.6555779665
-896829514.9249803
-275.9082896071146
-602947.0918200312
-7172230900.831513
-1503803.9217851853
-1504077.8300747925
-1374404.8961883164
-7169825694.263184
-1202917.6079243277
-897131261.37918
-1203427.0090335982
-8066956953.642364
-302022.3624892297
-1371.541448035573
-2104557.7472883593
-2405208.5683295536
-7169825968.1714735
-2405208.5683295536
-2147507.6502942443
-1889806.732258935
-2104557.7472883593
-2104831.6555779665
-1116703.9781530069
-902776.187992404
-2104557.7472883593
-2104831.6555779665
-2405208.5683295536
-302570.17906844383
-7171329222.276679
-7171930250.010472
-898032118.2091453
-601303.6420823884
-1202605.2841647768
-1803906.9262471653
-2104557.7472883593
-693141558.1894295
-902228.3714131897
-2405208.5683295536
-898032118.2091452
-897731467.3881041
-901954.4631235825
-1203427.0090335982
-896229308.9160563
-7171629873.09772
-903050.0962820111
-901954.4631235825
-1804180.8345367725
-1503256.105205971
-1116703.9781530069
-1503256.105205971
-1202605.2841647768
-898075068.1121511
-1030804.6721412372
-7170126345.084225
-8066053905.546082
-1804454.7428263796
-2104831.6555779665
-1202604.2841647768
-1203427.0090335982
-2104831.6555779665
-302139.35889906134
-1804454.7428263796
-66344.33753607713
-1504077.8300747925
-903324.0045716183
-602947.091820031
-2193.2663168569165
-1804454.7428263796
-7169825694.263184
-896528864.1039392
-1503256.105205971
-601303.6420823884
-1202605.2841647768
-898032392.1174349
-2405208.5683295536
-1804180.8345367725
-1803906.4262471653
-2104557.7472883593
-898332769.0301864
-1889806.732258935
-2104557.7472883593
-1504077.8300747925
-2405208.5683295536
-2405208.5683295536
-902228.3714131897
-2104557.7472883593
-2405208.5683295536
-1504077.8300747925
-2193.2663168569165
-1503803.9217851853
-1344343688.090795
-7169825694.263184
-2405208.5683295536
-2405208.5683295536
-7171028571.455638
-897430816.5670627
-300652.8210411942
-300652.8210411942
-601577.5503719954
-2405208.5683295536
-1503256.105205971
-8066354556.367123
-1503256.105205971
-1793659027.8499608
-7172230900.831513
-7171930250.010472
-7171930523.918761
-7171629599.189431
-896528864.1039392
-1503256.105205971
-601303.6420823884
-897731741.2963936
-901954.4631235825
-898332769.0301865
-2405208.5683295536
-549.8165792142293
-2193.2663168569165
-897131261.3791798
-2405208.5683295536
-1288504.5901765465
-896830610.5581388
-601577.5503719954
-8068158461.29337
-601577.5503719954
-7171930250.010472
-300926.7293308013
-7169825968.1714735
-896830884.4664284
-1804180.8345367725
-2405208.5683295536
-2104557.7472883593
-2104557.7472883593
-1310253.824969096
-7170126345.084225
-602947.091820031
-1504077.8300747925
-896229308.9160562
-902228.3714131897
-601577.5503719954
-549.8165792142293
-1202605.2841647768
-602947.091820031
-2104557.7472883593
-7171028571.455638
-601303.6420823884
-1202605.2841647768
-1374404.8961883164
-2104831.6555779665
-1374404.8961883164
-1504077.8300747925
-7169825694.263184
-2405208.5683295536
-1889806.982258935
-7172230900.831513
-2104831.6555779665
-2405208.5683295536
-2405208.5683295536
-1203700.9173232054
-1202879.192454384
-8066053905.546082
-902776.187992404
-1803906.9262471653
-896528864.1039392
-1202879.192454384
-1632105.8142236257
-1116703.9781530069
-2405208.5683295536
-2104557.7472883593
-1803906.9262471653
-901954.4631235825
-1803906.9262471653
-2405208.5683295536
-1503256.105205971
-601577.5503719954
-601303.6420823884
-897731467.3881041
-601851.4586616026
-1503256.105205971
-898332769.0301865
-1203700.9173232054
-898332769.0301864
-1504077.8300747925
-300652.8210411942
-7171930523.918761
-1503803.9217851853
-897731467.388104
-7171930250.010472
-896228487.1911875
-601577.5503719954
-897130165.7460215
-901954.4631235825
-602399.2752408169
-2193.2663168569165
-2193.2663168569165
-1919.358027249802
-896229856.4826355
-602947.091820031
-897732015.2046833
-2104831.6555779665
-601577.5503719954
-1503256.105205971
-1503530.0134955782
-1804454.7428263796
-602947.091820031
-898332769.0301865
-7169825694.263184
-7169825694.263184
-1202605.2841647768
-7169825694.263184
-1804180.8345367725
-1202879.192454384
-7169825694.263184
-1202879.192454384
-7171629599.189431
-1503530.0134955782
-898032118.2091451
-896830610.5581387
-2405208.5683295536
-2104557.7472883593
-7171930250.010472
-7170727920.634597
-898032392.1174349
-2193.2663168569165
-602947.0918200309
-1792757075.386837
-898332769.0301865
-897131261.3791801
-1804454.7428263796
-1804180.8345367725
-901954.4631235825
-2405208.5683295536
-2405208.5683295536
-896230130.6409252
-2193.2663168569165
-896229699.8207555
-601577.5503719954
-897130165.7460215
-1792456698.4740856
-901954.4631235825
-1503530.0134955782
-1804180.8345367725
-898332769.0301865
-1503530.0134955782
-1803906.9262471653
-901954.4631235825
-2104557.7472883593
-896228213.282898
-300652.8210411942
-2104831.6555779665
-1202605.2841647768
-2.0
-896529138.0122287
-2104557.7472883593
-7171028571.455638
-300652.8210411942
-549.8165792142293
-897430816.5670627
-1503256.105205971
-1503256.105205971
-896228213.282898
-7171328948.368389
-897430816.5670627
-1792758171.0199957
-1097.6331584284585
-2104557.7472883593
-902228.3714131897
-549.8165792142293
-7169825694.263184
-898332769.0301864
-1202605.2841647768
-1202605.2841647768
-1202605.2841647768
-1792456424.565796
-897731467.3881041
-300652.8210411942
-2193.2663168569165
-302570.17906844395
-7169825694.263184
-7170126345.084225
-2405208.5683295536
-2083356.5790750242
-164153188.19923714
-898332769.0301865
-7169825694.263184
-2104557.7472883593
-7169825694.263184
-7170126618.992515
-1503530.0134955782
-896528864.1039392
-2104831.6555779665
-2405208.5683295536
-7169825694.263184
-896228213.282898
-896528864.1039392
-901954.4631235825
-1202879.192454384
-2104557.7472883593
-896872464.0779862
-2405208.5683295536
-897645566.8320922
-1803906.9262471653
-1503256.105205971
-7171328948.368389
-1804180.8345367725
-1803906.9262471653
-7170727646.726307
-1202605.2841647768
-7171028571.455638
-1202879.192454384
-1804180.8345367725
-7169825694.263184
-896228487.1911875
-7171629599.189431
-898032392.1174347
-2104557.7472883593
-7171328948.368389
-1889806.732258935
-1460305.452200086
-1374404.8961883164
-1804180.8345367725
-1503960.333664961
-2104831.6555779665
-896229543.658876
-901954.4631235825
-7170427269.813556
-1503256.105205971
-300652.8210411942
-549.8165792142293
-1503803.9217851853
-2405208.5683295536
-2193.2663168569165
-301474.5459100155
-896529411.9205183
-275.9082896071146
-602947.0918200309
-2193.2663168569165
-602947.091820031
-1803906.9262471653
-2405208.5683295536
-898032118.2091453
-902776.187992404
-7172230900.831513
-7171328948.368389
-1503803.9217851853
-2193.2663168569165
-302296.27077883674
-302296.27077883686
-2104831.6555779665
-1288505.0901765465
-1804454.7428263796
-2193.2663168569165
-1503530.0134955782
-2405208.5683295536
-7170727920.634597
-7171930250.010472
-601577.5503719954
-1503530.0134955782
-1503256.105205971
-1803906.6762471653
-7170727920.634597
-898332769.0301864
-1804180.8345367725
-1889806.732258935
-2405208.5683295536
-275.9082896071146
-902228.3714131897
-903050.0962820111
-897732015.2046832
-1804454.7428263796
-2104557.7472883593
-7169825694.263184
-898332769.0301864
-896528864.1039392
-549.8165792142293
-2405208.5683295536
-896528864.1039392
-896529138.0122287
-896230130.6409249
-1203427.0090335982
-1503530.0134955782
-1202605.2841647768
-1203153.100743991
-2405208.5683295536
-1202604.2841647768
-1804454.7428263796
-897301965.8580451
-2405208.5683295536
-300652.8210411942
-901954.4631235825
-1803906.6762471653
-2104831.6555779665
-897731467.3881041
-301474.5459100155
-602947.091820031
-2104831.6555779665
-896529411.9205183
-897130165.7460216
-1203153.100743991
-897431638.2919315
-896530507.5536767
-898032118.2091452
-302570.179068444
-302022.36248922965
-1804454.7428263796
-1718006.3702353954
-300652.8210411942
-897130439.6543112
-302570.179068444
-7169825694.263184
-1997456.2730632545
-301748.4541996227
-7171930250.010472
-2193.2663168569165
-602673.183530424
-1804454.7428263796
-2405208.5683295536
-7171028297.547348
-300926.7293308013
-1503256.105205971
-903324.0045716183
-2104831.6555779665
-1804454.7428263796
-7171629873.09772
-301474.54591001547
-903324.0045716183
-903324.0045716183
-301474.5459100155
-1503256.105205971
-2104557.7472883593
-902228.3714131897
-7171629873.09772
-1140655184.0386646
-903324.0045716183
-896529685.8288078
-7170727920.634597
-901954.4631235825
-1803906.9262471653
-897430816.5670629
-897130165.7460216
-1202605.2841647768
-1460305.702200086
-7172230900.831513
-275.9082896071146
-301200.63762040844
-2193.2663168569165
-602947.0918200312
-7169825694.263184
-302296.27077883686
-602947.0918200309
-2405208.5683295536
-2104557.7472883593
-2405208.5683295536
-1203700.9173232054
-275.9082896071146
-300926.7293308013
-1804180.8345367725
-1503530.0134955782
-1030803.9221412372
-1793358377.0289192
-2.0
-1202879.192454384
-300926.7293308013
-898032118.2091452
-8067256782.738536
-2405208.5683295536
-2104831.6555779665
-1670544958.6754017
-1504077.8300747925
-7171629599.189431
-7171028297.547348
-301200.63762040844
-1203153.100743991
-1804180.8345367725
-1203074.2698041033
-897131261.37918
-2193.2663168569165
-1097.6331584284585
-601577.5503719954
-1503530.0134955782
-300652.8210411942
-1803906.9262471653
-2193.2663168569165
-2405208.5683295536
-2104831.6555779665
-2104831.6555779665
-2405208.5683295536
-601303.6420823884
-1371.541448035573
-302296.27077883686
-300926.7293308013
-896228761.099477
-896830336.649849
-898032118.2091452
-1803906.9262471653
-1503490.8480256342
-8066655207.188164
-896229308.9160562
-2193.2663168569165
-898032118.2091452
-1546205.758211856
-1203153.100743991
-7170126618.992515
-7169825694.263184
-2104831.6555779665
-1504077.8300747925
-1203700.9173232054
-1203153.100743991
-1503256.105205971
-1804454.7428263796
-1503530.0134955782
-1503530.0134955782
-897731741.2963936
-902228.3714131897
-1503530.0134955782
-1803906.9262471653
-1546205.508211856
-2193.2663168569165
-7171028297.547348
-901954.4631235825
-2405208.5683295536
-1503530.0134955782
-1804454.7428263796
-1804180.8345367725
-2104831.6555779665
-1503256.105205971
-1504077.8300747925
-1632105.8142236257
-2104557.7472883593
-1503256.105205971
-896529489.2514583
-1374405.1461883164
-1202605.2841647768
-1202605.2841647768
-275.9082896071146
-1803906.9262471653
-601851.4586616026
-301200.63762040844
-896529138.0122287
-602673.1835304241
-1203427.0090335982
-1203700.9173232054
-7171629873.09772
-1202605.2841647768
-1794260329.4920425
-1203153.100743991
-1203700.9173232054
-1793959952.5792913
-1804454.7428263796
-896530507.5536767
-7172230900.831513
-902228.3714131897
-7171028845.363928
-896530507.5536765
-601851.4586616027
-1503803.9217851853
-1804454.7428263796
-8068158461.29337
-602673.183530424
-1203700.9173232054
-2193.2663168569165
-301200.63762040844
-1503256.105205971
-1503530.0134955782
-2.0
-7171930250.010472
-2405208.5683295536
-601577.5503719955
-2104557.7472883593
-8066053905.546082
-901954.4631235825
-1803906.9262471653
-1503803.9217851853
-1503803.9217851853
-301474.5459100155
-897130165.7460216
-1804180.8345367725
-275.9082896071146
-2104831.6555779665
-1803906.9262471653
-2.0
-601577.5503719954
-275.9082896071146
-896228761.099477
-897130439.6543112
-2.0
-1202605.2841647768
-301200.63762040844
-1503803.9217851853
-1804454.7428263796
-1503803.9217851853
-549.8165792142293
-601303.6420823884
-602125.3669512097
-7169825694.263184
-1202879.192454384
-1503530.0134955782
-897130439.6543112
-1203427.0090335982
-7171329222.276679
-301200.63762040844
-1803906.9262471653
-1804180.8345367725
-1202879.192454384
-2104831.6555779665
-1503803.9217851853
-896228213.282898
-2193.2663168569165
-666549.846460037
-1804180.8345367725
-549.8165792142293
-2.0
-1803906.9262471653
-1116703.9781530069
-601303.6420823884
-897430816.5670627
-902228.3714131897
-823.7248688213439
-1202879.192454384
-1803906.9262471653
-1503530.0134955782
-1503530.0134955782
-1503530.0134955782
-688299.0812525867
-1503803.9217851853
-898032392.1174349
-1503530.0134955782
-1804180.8345367725
-601577.5503719954
-300652.8210411942
-7172230900.831513
-1203427.0090335982
-1504077.8300747925
-897731741.2963936
-897732015.2046832
-1202605.2841647768
-7170126345.084225
-902776.187992404
-1792456972.3823752
-902502.2797027968
-7171028571.455638
-898246868.7241747
-1503530.0134955782
-1546205.508211856
-1504077.8300747925
-1975707.038270705
-897431638.2919314
-902228.3714131897
-1804454.7428263796
-1203700.9173232054
-1804454.7428263796
-897731467.1381041
-1202879.192454384
-897431090.4753524
-7170727646.726307
-1503530.0134955782
-897130713.5626007
-902228.3714131897
-7171329496.184969
-1503530.0134955782
-897130439.6543112
-1203153.100743991
-1794260329.4920433
-1203153.100743991
-902228.3714131897
-7171629873.09772
-601303.6420823884
-1803906.9262471653
-1202879.192454384
-896228213.282898
-601577.5503719954
-1202605.2841647768
-1804180.8345367725
-1503256.105205971
-898032118.2091452
-2104831.6555779665
-897131261.3791798
-1504077.8300747925
-2405208.5683295536
-903050.0962820111
-7171329222.276679
-902228.3714131897
-601303.6420823884
-897430816.5670629
-898332769.0301864
-896830062.7415595
-896829514.9249804
-7171028571.455638
-601851.4586616027
-1804454.7428263796
-7170727646.726307
-2405208.5683295536
-601851.4586616027
-902228.3714131897
-7172230900.831513
-896228487.1911875
-1203153.100743991
-408278413.2508044
-896830336.649849
-1803906.9262471653
-903050.0962820111
-1804180.8345367725
-7169825694.263184
-7171930250.010472
-601577.5503719954
-601577.5503719954
-896829788.83327
-2.0
-1718006.1202353954
-2104831.6555779665
-897732015.2046831
-2405208.5683295536
-601577.5503719955
-601851.4586616026
-902502.2797027968
-1288504.5901765465
-903324.0045716183
-896830062.7415595
-7170727920.634597
-2193.2663168569165
-1460305.452200086
-1202605.2841647768
-897130165.7460215
-897731467.388104
-2104557.7472883593
