-2.0
-71698257198.54013
-71698257198.54013
-2.0
-71698256924.63184
-2.0
-71698256924.63184
-72594786882.36893
-2104831.6555779665
-2405208.5683295536
-2405208.5683295536
-2405208.5683295536
-1202604.2841647768
-2405208.5683295536
-1374404.8961883164
-1460305.202200086
-2405208.5683295536
-2405208.5683295536
-944903.3661294674
-171800.61202353952
-429501.53005884885
-687202.4480941582
-1803906.4262471653
-2405208.5683295536
-2405208.5683295536
-2405208.5683295536
-71700662131.20016
-1030803.6721412372
-2405208.5683295536
-2405208.5683295536
-171800.61202353952
-171800.61202353952
-2405208.5683295536
-2405208.5683295536
-2405208.5683295536
-2405208.5683295536
-2405208.5683295536
-2405208.5683295536
-2405208.5683295536
-2405208.5683295536
-2405208.5683295536
-2405208.5683295536
-773102.7541059279
-1718006.1202353954
-1116703.9781530069
-2405208.5683295536
-2405208.5683295536
-2405208.5683295536
-1030803.6721412372
-2405208.5683295536
-1975707.038270705
-1975707.038270705
-71700662131.20016
-2405208.5683295536
-2405208.5683295536
-2405208.5683295536
-2405208.5683295536
-1632105.8142236257
-2405208.5683295536
-2147507.6502942443
-2147507.6502942443
-1632105.8142236257
-257700.9180353093
-1374404.8961883164
-2405208.5683295536
-2405208.5683295536
-2405208.5683295536
0.0
-429501.53005884885
-2405208.5683295536
-2147507.6502942443
-1030803.6721412372
-2405208.5683295536
-2405208.5683295536
-1202604.2841647768
-1718006.1202353954
-1460305.202200086
-1889806.732258935
-2405208.5683295536
-2405208.5683295536
-944903.3661294674
-2405208.5683295536
-2405208.5683295536
-2405208.5683295536
-2405208.5683295536
-2405208.5683295536
-2233407.956306014
-2405208.5683295536
-2405208.5683295536
-1718006.1202353954
-71700662131.20016
-71700662131.20016
-1546205.508211856
-343601.2240470791
-1889806.732258935
-1460305.202200086
-2405208.5683295536
-2405208.5683295536
-859003.0601176977
-1140654087.4055064
-7169825692.263184
-1794260329.4920425
-326502469.9722271
-1303604671.3205788
-3910814013.9617367
-4888517517.45217
-7169825692.263184
-7169825692.263184
-7169825692.263184
-7169825692.263184
-7169825692.263184
-5377369269.197388
-5051468101.367243
-7169825692.263184
-1303604671.3205788
-1629505839.1507235
-7169825692.263184
-7169825692.263184
-3096061094.3863745
-3096061094.3863745
-7169825692.263184
-5703270437.027533
-1140654087.4055064
-7169825692.263184
-651802335.6602894
-7169825692.263184
-7169825692.263184
-7169825692.263184
-7169825692.263184
-3584912846.131592
-1466555255.235651
-3747863430.046664
-7169825692.263184
-4725566933.537098
-651802335.6602894
-7169825692.263184
-7169825692.263184
-5377369269.197388
-7169825692.263184
-7169825692.263184
-3910814013.9617367
-3747863430.046664
-3747863430.046664
-7169825692.263184
-2118357590.8959405
-5703270437.027533
-7169825692.263184
-6192122188.772749
-977703503.4904342
-7169825692.263184
-7169825692.263184
-7169825692.263184
-3584912846.131592
-4562616349.6220255
-6680973940.517966
-7169825692.263184
-2118357590.8959405
-3096061094.3863745
-5540319853.11246
-2281308174.8110127
-1140654087.4055064
-977703503.4904342
-7006875108.348111
-651802335.6602894
-1792456423.065796
-4399665765.706953
-7169825692.263184
-1792456423.065796
-3259011678.301447
-5540319853.11246
-1140654087.4055064
-7169825692.263184
-6355072772.687821
-6518023356.602894
-1140654087.4055064
-7169825692.263184
-7169825692.263184
-7006875108.348111
-7169825692.263184
-7169825692.263184
-7169825692.263184
-7169825692.263184
-814752919.5753617
-3421962262.2165194
-7169825692.263184
-7169825692.263184
-5866221020.942605
-6843924524.433039
-3584912846.131592
-3910814013.9617367
-7169825692.263184
-6843924524.433039
-7169825692.263184
-6843924524.433039
-1955407006.9808683
-7169825692.263184
-162950583.91507235
-6192122188.772749
-651802335.6602894
-5866221020.942605
-814752919.5753617
-5214418685.282315
-7169825692.263184
-2281308174.8110127
-5377369269.197388
-1303604671.3205788
-6518023356.602894
-7006875108.348111
-7169825692.263184
-4073764597.8768086
-7169825692.263184
-325901167.8301447
-7169825692.263184
-2405208.5683295536
-1374404.8961883164
-2405208.5683295536
-515401.8360706186
-7169825692.263184
-4482043010.877613
-3586115450.4157567
-7169825692.263184
-7169825692.263184
-7169825692.263184
-4725566933.537098
-6518023356.602894
-4073764597.8768086
-3096061094.3863745
-7169825692.263184
-2933110510.4713025
-3421962262.2165194
-7006875108.348111
-5540319853.11246
-4562616349.6220255
-3584912846.131592
-7169825692.263184
-1792456423.065796
-5540319853.11246
-7169825692.263184
-4399665765.706953
-3910814013.9617367
-6680973940.517966
-6192122188.772749
-7169825692.263184
-1793744927.655972
-4482043010.877613
-5377970571.33947
-2405208.5683295536
-2405208.5683295536
-2061607.3442824746
-2405208.5683295536
-7169825692.263184
-1794260329.492043
-2405208.5683295536
-2405208.5683295536
-2405208.5683295536
-1288504.5901765465
-257700.9180353093
-5377970571.33947
-1803906.4262471653
-3586115450.4157567
-2405208.5683295536
-1889806.732258935
-7169825692.263184
-2281308174.8110127
-2444258758.726085
-2405208.5683295536
-773102.7541059279
-515401.8360706186
-4482043010.877613
-429501.53005884885
-2405208.5683295536
-2405208.5683295536
-2690187889.9539
-343601.2240470791
-429501.53005884885
-898332769.0301863
-7169825692.263184
-6273898131.801327
-2405208.5683295536
-2405208.5683295536
-2405208.5683295536
-6273898131.801327
-2405208.5683295536
-85900.30601176976
-1460305.202200086
-7169825692.263184
-2405208.5683295536
-2405208.5683295536
-3586115450.4157567
-7169825692.263184
-2405208.5683295536
-1718006.1202353954
-1546205.508211856
0.0
-257700.9180353093
-2405208.5683295536
-2147507.6502942443
-1030803.6721412372
-601302.1420823884
-773102.7541059279
-2405208.5683295536
-5377970571.33947
-2690187889.9539
-2405208.5683295536
-1794260329.492043
-429501.53005884885
-2405208.5683295536
-2405208.5683295536
-2405208.5683295536
-2405208.5683295536
-2405208.5683295536
-1288504.5901765465
-1794260329.492043
-7169825692.263184
-2405208.5683295536
-1030803.6721412372
-257700.9180353093
-2690187889.9539
-7169825692.263184
-1794260329.492043
-429501.53005884885
-2405208.5683295536
-2405208.5683295536
-2405208.5683295536
-5377970571.33947
-3586115450.4157567
-3586115450.4157567
-1794260329.492043
-1803906.4262471653
-85900.30601176976
-2405208.5683295536
-2405208.5683295536
-2405208.5683295536
-944903.3661294674
-1803906.4262471653
-2405208.5683295536
-3586115450.4157567
-3586115450.4157567
-515401.8360706186
-2405208.5683295536
-2405208.5683295536
-2405208.5683295536
-171800.61202353952
-1794260329.492043
-1794260329.492043
-687202.4480941582
-859003.0601176977
-2690187889.9539
-3586115450.4157567
-2405208.5683295536
-2405208.5683295536
-2405208.5683295536
-1803906.4262471653
-1803906.4262471653
-1202604.2841647768
-1288504.5901765465
-1794260329.492043
-7169825692.263184
-898332769.0301863
-2405208.5683295536
-2147507.6502942443
-1794260329.492043
-6273898131.801327
-2690187889.9539
-5377970571.33947
0.0
-257700.9180353093
-2405208.5683295536
-2405208.5683295536
-1546205.508211856
-257700.9180353093
-5377970571.33947
-1794260329.492043
-2405208.5683295536
-1718006.1202353954
-6273898131.801327
-2405208.5683295536
-7169825692.263184
-5377970571.33947
-2405208.5683295536
-7169825692.263184
-257700.9180353093
-7169825692.263184
-4482043010.877613
-515401.8360706186
-2405208.5683295536
-2233407.956306014
-2405208.5683295536
-2319308.2623177837
-4482043010.877613
-2690187889.9539
-1794260329.492043
-773102.7541059279
-1794260329.492043
-859003.0601176977
-2405208.5683295536
-2147507.6502942443
-1460305.202200086
-6273898131.801327
-944903.3661294674
-1030803.6721412372
-7169825692.263184
-2405208.5683295536
-1889806.732258935
-1803906.4262471653
-2405208.5683295536
-6273898131.801327
-2405208.5683295536
-1632105.8142236257
-2233407.956306014
-6273898131.801327
0.0
-3586115450.4157567
-4482043010.877613
-2405208.5683295536
-2405208.5683295536
-2405208.5683295536
-1546205.508211856
-2405208.5683295536
-1202604.2841647768
-2405208.5683295536
-5377970571.33947
-1794260329.492043
-343601.2240470791
-2405208.5683295536
-2405208.5683295536
-2405208.5683295536
-2405208.5683295536
-6273898131.801327
-343601.2240470791
-2405208.5683295536
-859003.0601176977
-859003.0601176977
-2405208.5683295536
-898332769.0301863
-515401.8360706186
-1374404.8961883164
-687202.4480941582
-7169825692.263184
-1975707.038270705
-2405208.5683295536
-2690187889.9539
-1803906.4262471653
-2061607.3442824746
-257700.9180353093
-2405208.5683295536
-1202604.2841647768
-429501.53005884885
-1460305.202200086
-429501.53005884885
-2405208.5683295536
-3586115450.4157567
-1030803.6721412372
-171800.61202353952
-5377970571.33947
-2405208.5683295536
-1803906.4262471653
-1202604.2841647768
-2405208.5683295536
-6273898131.801327
-2405208.5683295536
-2690187889.9539
-2405208.5683295536
-7169825692.263184
-2147507.6502942443
-1803906.4262471653
-6273898131.801327
-2319308.2623177837
-1718006.1202353954
-2405208.5683295536
-1288504.5901765465
-2405208.5683295536
-2061607.3442824746
-2405208.5683295536
-944903.3661294674
-3586115450.4157567
-2405208.5683295536
-4482043010.877613
-2405208.5683295536
-171800.61202353952
-1374404.8961883164
0.0
-1374404.8961883164
-2405208.5683295536
-2405208.5683295536
-6273898131.801327
-1975707.038270705
-1803906.4262471653
-3586115450.4157567
-2405208.5683295536
-898332769.0301863
-515401.8360706186
-7169825692.263184
-2405208.5683295536
-7169825692.263184
-3586115450.4157567
-1975707.038270705
-2405208.5683295536
-2405208.5683295536
-601302.1420823884
-2233407.956306014
-515401.8360706186
-2690187889.9539
-1030803.6721412372
-2405208.5683295536
-773102.7541059279
-5377970571.33947
-2405208.5683295536
-898332769.0301863
-2405208.5683295536
-2319308.2623177837
-2405208.5683295536
-1546205.508211856
-2233407.956306014
-2405208.5683295536
-2405208.5683295536
-2405208.5683295536
-2405208.5683295536
-429501.53005884885
-429501.53005884885
-2405208.5683295536
-1374404.8961883164
-1718006.1202353954
-2405208.5683295536
-2405208.5683295536
-2405208.5683295536
-6273898131.801327
-6273898131.801327
-1374404.8961883164
-2405208.5683295536
-3586115450.4157567
-1374404.8961883164
-1460305.202200086
-2405208.5683295536
-1546205.508211856
-2405208.5683295536
-2405208.5683295536
-2405208.5683295536
-515401.8360706186
-2405208.5683295536
-1889806.732258935
-1718006.1202353954
-1632105.8142236257
-6273898131.801327
-1718006.1202353954
-2405208.5683295536
-1718006.1202353954
-4482043010.877613
-1202604.2841647768
-2405208.5683295536
-2405208.5683295536
-7169825692.263184
-2405208.5683295536
-1889806.732258935
-1546205.508211856
-2405208.5683295536
-2405208.5683295536
-1288504.5901765465
-3586115450.4157567
-7169825692.263184
-7169825692.263184
-2405208.5683295536
-2233407.956306014
-5377970571.33947
0.0
-429501.53005884885
-1803906.4262471653
-1374404.8961883164
-2405208.5683295536
-1889806.732258935
-2405208.5683295536
-2405208.5683295536
-2405208.5683295536
-429501.53005884885
-2405208.5683295536
-2405208.5683295536
-2405208.5683295536
-2405208.5683295536
-1202604.2841647768
-1632105.8142236257
-1374404.8961883164
-1546205.508211856
-4482043010.877613
-1718006.1202353954
-2690187889.9539
-2690187889.9539
-171800.61202353952
-2405208.5683295536
-2405208.5683295536
-2405208.5683295536
-2405208.5683295536
-2405208.5683295536
-2405208.5683295536
-2405208.5683295536
-1803906.4262471653
-6273898131.801327
-1632105.8142236257
-2405208.5683295536
-2405208.5683295536
-7169825692.263184
-2405208.5683295536
-3586115450.415756
-2405208.5683295536
-2405208.5683295536
-2405208.5683295536
-2405208.5683295536
-7169825692.263184
-1116703.9781530069
-2405208.5683295536
-1288504.5901765465
-2405208.5683295536
-2405208.5683295536
-1546205.508211856
-2405208.5683295536
-1803906.4262471653
-898332769.0301863
-2405208.5683295536
-773102.7541059279
-2405208.5683295536
-1975707.038270705
-2405208.5683295536
-2405208.5683295536
-4482043010.877613
-2319308.2623177837
-171800.61202353952
-2405208.5683295536
-2405208.5683295536
-2405208.5683295536
-2233407.956306014
-3586115450.4157567
-1632105.8142236257
-3586115450.4157567
-1794260329.492043
-1975707.038270705
-2233407.956306014
-2405208.5683295536
-859003.0601176977
-2405208.5683295536
-3586115450.4157567
-2405208.5683295536
-2405208.5683295536
-1116703.9781530069
-1460305.202200086
-2405208.5683295536
-2405208.5683295536
-171800.61202353952
-2405208.5683295536
-5377970571.33947
-3586115450.415756
-2405208.5683295536
-2405208.5683295536
-1632105.8142236257
-4482043010.877613
-6273898131.801327
-2405208.5683295536
-898332769.0301863
-2405208.5683295536
-5377970571.33947
-1374404.8961883164
-3586115450.415756
-2405208.5683295536
-2405208.5683295536
-859003.0601176977
-6273898131.801327
-2405208.5683295536
-2405208.5683295536
-2405208.5683295536
-2405208.5683295536
-1632105.8142236257
-2405208.5683295536
-2405208.5683295536
-2405208.5683295536
-773102.7541059279
-2147507.6502942443
-2405208.5683295536
-687202.4480941582
-4482043010.877613
-1803906.4262471653
-2061607.3442824746
-1889806.732258935
-2405208.5683295536
-2233407.956306014
-2405208.5683295536
-1803906.4262471653
-1288504.5901765465
-2690187889.9539
-1632105.8142236257
-2405208.5683295536
-1794260329.492043
-2405208.5683295536
-2405208.5683295536
-1718006.1202353954
-3586115450.415756
-515401.8360706186
0.0
-2405208.5683295536
-2405208.5683295536
-2405208.5683295536
-1803906.4262471653
-2405208.5683295536
-3586115450.415756
-257700.9180353093
-2405208.5683295536
-5377970571.33947
-2405208.5683295536
-1374404.8961883164
-2405208.5683295536
-898332769.0301863
-1803906.4262471653
-2405208.5683295536
-2405208.5683295536
-2405208.5683295536
-1202604.2841647768
-2405208.5683295536
-6273898131.801327
-859003.0601176977
-1030803.6721412372
-601302.1420823884
-2690187889.9538994
-2405208.5683295536
-2405208.5683295536
-2405208.5683295536
-171800.61202353952
-2405208.5683295536
-2405208.5683295536
-1718006.1202353954
-1030803.6721412372
-898332769.0301863
-2405208.5683295536
-1803906.4262471653
-6273898131.801327
-1374404.8961883164
-2405208.5683295536
-2405208.5683295536
-2405208.5683295536
-2405208.5683295536
-2405208.5683295536
-2405208.5683295536
-2061607.3442824746
-2405208.5683295536
-601302.1420823884
-6273898131.801327
-1794260329.492043
-2405208.5683295536
-859003.0601176977
-2405208.5683295536
-898332769.0301863
-85900.30601176976
-4482043010.877613
-2405208.5683295536
-2405208.5683295536
-257700.9180353093
-515401.8360706186
-257700.9180353093
-2405208.5683295536
-2233407.956306014
-859003.0601176977
-2405208.5683295536
-2405208.5683295536
-773102.7541059279
-257700.9180353093
-2405208.5683295536
-2405208.5683295536
-2405208.5683295536
-7169825692.263184
-2405208.5683295536
-2405208.5683295536
-6273898131.801327
-1889806.732258935
-2405208.5683295536
-1803906.4262471653
-7169825692.263184
-7169825692.263184
-2405208.5683295536
-7169825692.263184
-2405208.5683295536
-687202.4480941582
-2405208.5683295536
0.0
-515401.8360706186
-2405208.5683295536
-2233407.956306014
0.0
-7169825692.263184
-2405208.5683295536
-1030803.6721412372
-1202604.2841647768
-1889806.732258935
-687202.4480941582
-2405208.5683295536
-2405208.5683295536
0.0
-2405208.5683295536
-1374404.8961883164
-6273898131.801327
-2233407.956306014
-7169825692.263184
-1889806.732258935
-3586115450.4157567
-944903.3661294674
-2405208.5683295536
-3586115450.4157567
-7169825692.263184
-1374404.8961883164
-2405208.5683295536
-5377970571.33947
-2405208.5683295536
-1030803.6721412372
-2405208.5683295536
-1546205.508211856
-2405208.5683295536
-2405208.5683295536
-859003.0601176977
-2405208.5683295536
-2405208.5683295536
-1202604.2841647768
-2319308.2623177837
0.0
-1794260329.492043
-2405208.5683295536
-2405208.5683295536
-2233407.956306014
-1889806.732258935
-773102.7541059279
-2319308.2623177837
-773102.7541059279
-2405208.5683295536
-773102.7541059279
-2405208.5683295536
-2405208.5683295536
-4482043010.877613
-5377970571.33947
-3586115450.415756
-343601.2240470791
-1889806.732258935
-1460305.202200086
-687202.4480941582
-2405208.5683295536
-601302.1420823884
-1975707.038270705
-2405208.5683295536
-2405208.5683295536
-171800.61202353952
-1546205.508211856
-2405208.5683295536
-2690187889.9539
-2405208.5683295536
-2405208.5683295536
-1374404.8961883164
-898332769.0301863
-6273898131.801327
-773102.7541059279
-1288504.5901765465
-2405208.5683295536
-2061607.3442824746
-2405208.5683295536
-2405208.5683295536
-5377970571.33947
-1546205.508211856
-2405208.5683295536
-2405208.5683295536
0.0
-2405208.5683295536
-515401.8360706186
-1794260329.492043
-5377970571.33947
-343601.2240470791
-1202604.2841647768
-2690187889.9539
-1030803.6721412372
-2405208.5683295536
-2405208.5683295536
-1030803.6721412372
-7169825692.263184
-2405208.5683295536
-7169825692.263184
-2405208.5683295536
-1718006.1202353954
-2405208.5683295536
-257700.9180353093
-1718006.1202353954
-85900.30601176976
-6273898131.801327
-2405208.5683295536
-7169825692.263184
-1718006.1202353954
-2405208.5683295536
-3586115450.4157567
-7169825692.263184
-2405208.5683295536
-7169825692.263184
-1288504.5901765465
-2405208.5683295536
-4482043010.877613
-2319308.2623177837
-1546205.508211856
-429501.53005884885
-515401.8360706186
-515401.8360706186
-2405208.5683295536
-2405208.5683295536
-2405208.5683295536
-7169825692.263184
-2405208.5683295536
-2405208.5683295536
-3586115450.415756
-515401.8360706186
-2405208.5683295536
-6273898131.801327
-2405208.5683295536
-515401.8360706186
-898332769.0301863
-2405208.5683295536
-898332769.0301863
-898332769.0301863
-2405208.5683295536
-2405208.5683295536
-2405208.5683295536
-601302.1420823884
-1889806.732258935
-7169825692.263184
-1288504.5901765465
-2405208.5683295536
-687202.4480941582
-6273898131.801327
-2405208.5683295536
-2405208.5683295536
-859003.0601176977
-85900.30601176976
-859003.0601176977
-1374404.8961883164
-4482043010.877613
-3586115450.4157567
-2405208.5683295536
-2405208.5683295536
-2147507.6502942443
-343601.2240470791
-1030803.6721412372
-6273898131.801327
-3586115450.415756
-7169825692.263184
-1546205.508211856
-2405208.5683295536
-2405208.5683295536
-2405208.5683295536
-2405208.5683295536
-2405208.5683295536
-2405208.5683295536
-4482043010.877613
-601302.1420823884
-2233407.956306014
-2405208.5683295536
-2405208.5683295536
-2233407.956306014
-2405208.5683295536
-1288504.5901765465
-2405208.5683295536
-1374404.8961883164
-2061607.3442824746
-2405208.5683295536
-898332769.0301863
-1288504.5901765465
-1794260329.492043
-6273898131.801327
-2405208.5683295536
-898332769.0301863
-2690187889.9539
-2405208.5683295536
-2690187889.9539
-2405208.5683295536
-2405208.5683295536
-2405208.5683295536
-7169825692.263184
-2405208.5683295536
-1546205.508211856
-2319308.2623177837
-1975707.038270705
0.0
-2690187889.9539
-2405208.5683295536
-6273898131.801327
-2405208.5683295536
-2405208.5683295536
-515401.8360706186
-2405208.5683295536
-2405208.5683295536
-1202604.2841647768
-898332769.0301863
-2405208.5683295536
-3586115450.4157567
-1374404.8961883164
-2405208.5683295536
-2405208.5683295536
-1889806.732258935
-2405208.5683295536
-2405208.5683295536
-2405208.5683295536
-7169825692.263184
-2233407.956306014
-1794260329.492043
-171800.61202353952
-2405208.5683295536
-4482043010.877613
-687202.4480941582
-7169825692.263184
-7169825692.263184
-3586115450.415756
-1460305.202200086
-1030803.6721412372
-2405208.5683295536
-773102.7541059279
-1794260329.492043
-2405208.5683295536
-1202604.2841647768
-2405208.5683295536
-2405208.5683295536
-85900.30601176976
-2405208.5683295536
-3586115450.415756
-515401.8360706186
-2405208.5683295536
-2405208.5683295536
-7169825692.263184
-5377970571.33947
-343601.2240470791
-1030803.6721412372
-2405208.5683295536
0.0
-1030803.6721412372
-343601.2240470791
-515401.8360706186
-859003.0601176977
-2405208.5683295536
-2405208.5683295536
-4482043010.877613
-1794260329.492043
-7169825692.263184
-2405208.5683295536
-5377970571.33947
-2405208.5683295536
-2405208.5683295536
0.0
-601302.1420823884
-7169825692.263184
-2405208.5683295536
-2061607.3442824746
-2405208.5683295536
-601302.1420823884
-687202.4480941582
-2405208.5683295536
-2405208.5683295536
-2405208.5683295536
-1202604.2841647768
-2405208.5683295536
-2690187889.9539
-6273898131.801327
-2405208.5683295536
-898332769.0301863
-1803906.4262471653
-5377970571.33947
-1202604.2841647768
-7169825692.263184
-7169825692.263184
-6273898131.801327
-2405208.5683295536
-1116703.9781530069
-898032392.1174347
-2405208.5683295536
-944903.3661294674
-5377670194.426719
-85900.30601176976
-2405208.5683295536
-2405208.5683295536
-6273597754.888576
-2405208.5683295536
-2405208.5683295536
-898032392.1174347
-1793659575.66654
-2405208.5683295536
-2405208.5683295536
0.0
-2405208.5683295536
-2405208.5683295536
-2405208.5683295536
-2405208.5683295536
-2405208.5683295536
-2405208.5683295536
0.0
-2405208.5683295536
-2405208.5683295536
-1374404.8961883164
-2405208.5683295536
-77972155054.43317
-1794260329.492043
-2405208.5683295536
-7169825692.263184
-2405208.5683295536
-85900.30601176976
-898332769.0301863
-2405208.5683295536
-2405208.5683295536
-7169825692.263184
-2405208.5683295536
-2405208.5683295536
-429501.53005884885
-2405208.5683295536
-2319308.2623177837
-601302.1420823884
-1030803.6721412372
-2405208.5683295536
-6273898131.801327
-2405208.5683295536
-1030803.6721412372
-2405208.5683295536
-2405208.5683295536
-1632105.8142236257
-2405208.5683295536
-1030803.6721412372
-2690187889.9539
-343601.2240470791
-773102.7541059279
-2405208.5683295536
-6273898131.801327
-1889806.732258935
-2405208.5683295536
-2147507.6502942443
-6273597754.888576
-7169825692.263184
-2405208.5683295536
-2405208.5683295536
-2690187889.9539
-2405208.5683295536
-2147507.6502942443
-85900.30601176976
-2405208.5683295536
-2689887513.041148
-1116703.9781530069
-5377970571.33947
-2405208.5683295536
-687202.4480941582
-2405208.5683295536
-2689887513.041148
-3585815073.503005
-1374404.8961883164
-2405208.5683295536
-2689887513.041148
-898032392.1174347
-2405208.5683295536
-2405208.5683295536
-6273597754.888575
-2405208.5683295536
-6273597754.888575
-1546205.508211856
-1718006.1202353954
-2405208.5683295536
-2405208.5683295536
-7169825692.263184
-3585815073.503005
-2405208.5683295536
-2061607.3442824746
-1632105.8142236257
-4481442257.052111
-1632105.8142236257
-2405208.5683295536
-601302.1420823884
-171800.61202353952
-2405208.5683295536
-3585214319.6775017
-2405208.5683295536
-2405208.5683295536
-687202.4480941582
-944903.3661294674
-2405208.5683295536
-3585514696.5902534
-5377369817.513967
-3585815073.503005
-2405208.5683295536
-1793959952.5792913
-2690187889.9539
-4482043010.877613
-4482043010.877613
-2405208.5683295536
-2405208.5683295536
-343601.2240470791
-1202604.2841647768
-1975707.038270705
-4482043010.877613
-2147507.6502942443
-2405208.5683295536
-6273597754.888575
-1975707.038270705
-601302.1420823884
-2405208.5683295536
-1288504.5901765465
-1803906.4262471653
-2405208.5683295536
-2319308.2623177837
-6273597754.888575
-859003.0601176977
-898032392.1174347
-171800.61202353952
-2405208.5683295536
-2405208.5683295536
-687202.4480941582
-85900.30601176976
-2405208.5683295536
-944903.3661294674
-7169825692.263184
-2405208.5683295536
-2405208.5683295536
-3586115450.4157567
-2405208.5683295536
-1288504.5901765465
-2405208.5683295536
-859003.0601176977
-1116703.9781530069
-2405208.5683295536
-5377970571.33947
-2405208.5683295536
-2405208.5683295536
-859003.0601176977
-2405208.5683295536
-2405208.5683295536
-1288504.5901765465
-515401.8360706186
-2405208.5683295536
-859003.0601176977
-429501.53005884885
-2405208.5683295536
-1889806.732258935
-773102.7541059279
-3586115450.415756
-2405208.5683295536
-1889806.732258935
-1460305.202200086
-2147507.6502942443
-1975707.038270705
-2405208.5683295536
-7169825692.263184
-429501.53005884885
-2405208.5683295536
-2690187889.9539
-2405208.5683295536
-2405208.5683295536
-1374404.8961883164
-773102.7541059279
-1718006.1202353954
-1632105.8142236257
-2405208.5683295536
-2147507.6502942443
0.0
-1718006.1202353954
-2405208.5683295536
-2405208.5683295536
-2405208.5683295536
-2061607.3442824746
-6273597754.888576
-773102.7541059279
-1030803.6721412372
-1460305.202200086
-85900.30601176976
-1794260329.492043
-2405208.5683295536
-2405208.5683295536
-515401.8360706186
-2405208.5683295536
-1889806.732258935
-2405208.5683295536
-2147507.6502942443
-2405208.5683295536
-773102.7541059279
-2405208.5683295536
-257700.9180353093
-2233407.956306014
-944903.3661294674
-3586115450.415756
-2405208.5683295536
-2405208.5683295536
-2104831.6555779665
-898032392.1174346
-2405208.5683295536
-2405208.5683295536
-171800.61202353952
-7169825692.263184
-2405208.5683295536
-7169825692.263184
-1374404.8961883164
-2061607.3442824746
-2405208.5683295536
-2405208.5683295536
-2405208.5683295536
-6273898131.801327
-5377970571.33947
-1794260329.492043
-7169825692.263184
-257700.9180353093
-2405208.5683295536
-898332769.0301863
-1803906.4262471653
-2405208.5683295536
-7169825692.263184
-1632105.8142236257
-944903.3661294674
-859003.0601176977
-1632105.8142236257
-1889806.732258935
-429501.53005884885
-6273898131.801327
-2233407.956306014
-5377970571.33947
-2405208.5683295536
-1794260329.492043
-2405208.5683295536
-687202.4480941582
-2405208.5683295536
-2233407.956306014
-257700.9180353093
-1460305.202200086
-859003.0601176977
-1718006.1202353954
-343601.2240470791
-2405208.5683295536
-1116703.9781530069
-429501.53005884885
-2061607.3442824746
-898332769.0301863
-429501.53005884885
-2405208.5683295536
-2147507.6502942443
-2405208.5683295536
-898332769.0301863
-1202604.2841647768
-2233407.956306014
-429501.53005884885
-5377970571.33947
-1803906.4262471653
-5377970571.33947
-1975707.038270705
-5377970571.33947
-2405208.5683295536
-7169825692.263184
-1288504.5901765465
-2690187889.9539
-1632105.8142236257
-687202.4480941582
-2690187889.9539
-898332769.0301863
-2405208.5683295536
-1202604.2841647768
-2405208.5683295536
-773102.7541059279
0.0
-5377970571.33947
-3586115450.4157567
-2405208.5683295536
-1975707.038270705
-2405208.5683295536
-2405208.5683295536
-2405208.5683295536
-2405208.5683295536
0.0
-171800.61202353952
-687202.4480941582
-5377970571.33947
-257700.9180353093
-2405208.5683295536
-2405208.5683295536
-1116703.9781530069
-257700.9180353093
-2690187889.9539
-7169825692.263184
-343601.2240470791
-2690187889.9539
-1975707.038270705
-2405208.5683295536
-72596589691.66202
-2405208.5683295536
-71700662131.20016
-2233407.956306014
-1288504.5901765465
-2061607.3442824746
-898332769.0301863
-6273898131.801327
-1794260329.492043
-257700.9180353093
-944903.3661294674
-2405208.5683295536
-1374404.8961883164
-1546205.508211856
-3586115450.4157567
-6273898131.801327
-944903.3661294674
-1794260329.492043
-2405208.5683295536
-85900.30601176976
-2405208.5683295536
-2405208.5683295536
-2405208.5683295536
-601302.1420823884
-2405208.5683295536
-2405208.5683295536
-2405208.5683295536
-898332769.0301863
-7169825692.263184
-2405208.5683295536
-7169825692.263184
-2405208.5683295536
-2405208.5683295536
-2405208.5683295536
-1632105.8142236257
-2690187889.9539
-3586115450.4157567
-3586115450.415756
-4482043010.877613
-1975707.038270705
-1030803.6721412372
-4482043010.877613
-2405208.5683295536
-2405208.5683295536
-7169825692.263184
-898332769.0301863
-1288504.5901765465
-3586115450.4157567
-85900.30601176976
-2405208.5683295536
-2405208.5683295536
-2405208.5683295536
-1975707.038270705
-515401.8360706186
-1794260329.492043
0.0
-3586115450.4157567
-2405208.5683295536
-2405208.5683295536
-2405208.5683295536
-2405208.5683295536
-7169825692.263184
-1374404.8961883164
-2405208.5683295536
-898332769.0301863
-898332769.0301863
-1794260329.492043
-343601.2240470791
-2405208.5683295536
-1202604.2841647768
-1718006.1202353954
-257700.9180353093
0.0
-601302.1420823884
-2405208.5683295536
-2405208.5683295536
-2405208.5683295536
-2405208.5683295536
-2405208.5683295536
-1794260329.492043
-1374404.8961883164
-2233407.956306014
-2405208.5683295536
-4482043010.877613
-2405208.5683295536
-1288504.5901765465
-1116703.9781530069
-2405208.5683295536
-4482043010.877613
-944903.3661294674
-2405208.5683295536
-2405208.5683295536
-1460305.202200086
-2405208.5683295536
-2405208.5683295536
-2405208.5683295536
-2405208.5683295536
-515401.8360706186
-4482043010.877613
-429501.53005884885
-7169825692.263184
-343601.2240470791
-257700.9180353093
-515401.8360706186
-2405208.5683295536
-898332769.0301863
-7169825692.263184
-2405208.5683295536
-2405208.5683295536
-5377970571.33947
-1202604.2841647768
-859003.0601176977
-2405208.5683295536
-515401.8360706186
-2405208.5683295536
-1794260329.492043
-5377970571.33947
-2405208.5683295536
-773102.7541059279
-2405208.5683295536
-85900.30601176976
-343601.2240470791
-5377970571.33947
-601302.1420823884
-1460305.202200086
