-71698257198.54013
-275.9082896071146
-601577.5503719954
-300652.8210411942
-300652.8210411942
-897130165.7460215
-71698558397.17775
-71698558944.99432
-1711281782.4293008
-897431090.4753524
-896786563.5219744
-1203153.100743991
-898332769.0301864
-1889806.732258935
-1631309745.576971
-1546205.758211856
-898332769.0301863
-2104831.6555779665
-205492410.4783772
-897731741.2963935
-898332769.0301864
-1804180.8345367725
-245327829.0857321
-897689065.0516772
-1804180.8345367725
-2104831.6555779665
-2104557.7472883593
-257700.9180353093
-1804180.8345367725
-2319308.2623177837
-2104557.7472883593
-2405208.5683295536
-2405208.5683295536
-2405208.5683295536
-944903.3661294674
-897387865.9140568
-897732015.2046832
-601302.1420823884
-2104831.6555779665
-1202604.2841647768
-1803906.9262471653
-897989167.8061392
-2405208.5683295536
-85900.30601176976
-343601.2240470791
-2104831.6555779665
-1546205.508211856
-1889806.982258935
-601302.1420823884
-2104557.7472883593
-2405208.5683295536
0.0
-2405208.5683295536
-1030803.9221412372
-2405208.5683295536
-2233407.956306014
-2104831.6555779665
-2104557.7472883593
-1804180.8345367725
-2405208.5683295536
-257701.1680353093
-687202.4480941582
-2405208.5683295536
-2405208.5683295536
-2405208.5683295536
-71700361480.37912
-2405208.5683295536
-71700662131.20016
-2061607.3442824746
-2405208.5683295536
-2405208.5683295536
-2405208.5683295536
-171800.61202353952
-429501.53005884885
-2118357590.8959405
-7169825692.263184
-2444258758.726085
-7169825692.263184
-5377369269.447388
-7169825692.263184
-1792456423.065796
-2281308174.8110127
-1792456423.065796
-1466555255.235651
-2770159926.55623
-7169825692.263184
-1303604671.3205788
-7169825692.263184
-7169825692.263184
-7169825692.263184
-7169825692.263184
-7169825692.263184
-4562616349.6220255
-3747863430.046664
-4073764597.8768086
-7169825692.263184
-7169825692.263184
-5703270437.027533
-7169825692.263184
-2444258758.726085
-1629505839.1507235
-5866221020.942605
-7169825692.263184
-3829639373.0752416
-4236715181.791881
-2281308174.8110127
-5377369269.197388
-7169825692.263184
-7169825692.263184
-7169825692.263184
-7169825692.263184
-7169825692.263184
-5866221020.942605
-7006875108.348111
-5051468101.367243
-3584912846.131592
-1629505839.1507235
-3421962262.2165194
-1955407006.9808683
-977703503.4904342
-6273898131.801327
-3584912846.131592
-814752919.5753617
-7169825692.263184
-7169825692.263184
-4073764597.8768086
-2118357590.8959405
-6273597480.980286
-7169825692.263184
-7169825692.263184
-814752919.5753617
-2444258758.726085
-7169825692.263184
-1466555255.235651
-7169825692.263184
-3747863430.046664
0.0
-7006875108.348111
-3421962262.2165194
-1794260329.4920425
-1116703.9781530069
-71700662131.20016
-2690187889.9538994
-2319308.2623177837
-7169825692.263184
-7169825692.263184
-977703503.4904342
-1955407006.9808683
-1466555255.235651
-7169825692.263184
-7169825692.263184
-1955407006.9808683
-2933110510.4713025
-4888517517.45217
-7169825692.263184
-1955407006.9808683
-2444258758.726085
-7169825692.263184
-4562616349.6220255
-3096061094.3863745
-7169825692.263184
-3910814013.9617367
-1466555255.235651
-7169825692.263184
-7169825692.263184
-7169825692.263184
-3910814013.9617367
-4073764597.8768086
-7169825692.263184
-7169825692.263184
-6843924524.433039
-7169825692.263184
-7169825692.263184
-3747863430.046664
-3421962262.2165194
-6192122188.772749
-7169825692.263184
-3584912846.131592
-7169825692.263184
-5866221020.942605
-7169825692.263184
-1955407006.9808683
-2933110510.4713025
-3747863430.046664
-7169825692.263184
-4725566933.537098
-2118357590.8959405
-5866221020.942605
-7169825692.263184
-5540319853.11246
0.0
-7169825692.263184
-7169825692.263184
-4073764597.8768086
-2281308174.8110127
-7169825692.263184
-4073764597.8768086
-4725566933.537098
-7169825692.263184
-7169825692.263184
-4236715181.791881
-7169825692.263184
-977703503.4904342
-1466555255.235651
-2405208.5683295536
-2405208.5683295536
-6273898131.801327
-2405208.5683295536
-2405208.5683295536
-7169825692.263184
-5377970571.33947
-898332769.0301863
-1546205.508211856
-1632105.8142236257
-2405208.5683295536
-4482043010.877613
-1975707.038270705
-2690187889.9539
-5377970571.33947
-1116703.9781530069
-2405208.5683295536
-3586115450.4157567
-859003.0601176977
-2405208.5683295536
-1467156557.3777335
-5377970571.33947
-2061607.3442824746
-1803906.4262471653
-2405208.5683295536
-944903.3661294674
-7169825692.263184
-4482043010.877613
-2405208.5683295536
-2405208.5683295536
-2405208.5683295536
-1975707.038270705
-2061607.3442824746
-2405208.5683295536
-2690187889.9539
-2405208.5683295536
-1794260329.492043
-2405208.5683295536
-2405208.5683295536
-2405208.5683295536
-7169825692.263184
-2405208.5683295536
-5377970571.33947
-1116703.9781530069
-1460305.202200086
-5377970571.33947
-2690187889.9539
-1030803.6721412372
-3586115450.4157567
-2405208.5683295536
-898332769.0301863
-2147507.6502942443
-2405208.5683295536
-2405208.5683295536
-2233407.956306014
-4482043010.877613
-1794260329.492043
-7169825692.263184
-7169825692.263184
-1630107141.292806
-1794260329.4920433
-4482043010.877613
-1116703.9781530069
-2405208.5683295536
-5377970571.33947
-6273898131.801327
-2405208.5683295536
-2061607.3442824746
-429501.53005884885
-1975707.038270705
-1202604.2841647768
-2405208.5683295536
-2319308.2623177837
-2405208.5683295536
-1374404.8961883164
-7169825692.263184
-2405208.5683295536
-2690187889.9539
0.0
-2147507.6502942443
-6273898131.801327
-2405208.5683295536
-2405208.5683295536
-1632105.8142236257
-5215019987.424397
-5703270437.027533
-7169825692.263184
-7169825692.263184
-4482043010.877613
-4073764597.8768086
-7169825692.263184
-257700.9180353093
-2405208.5683295536
-85900.30601176976
-1202604.2841647768
-2405208.5683295536
-2405208.5683295536
-171800.61202353952
-1794260329.492043
-85900.30601176976
-257700.9180353093
-2405208.5683295536
-1202604.2841647768
-2405208.5683295536
-2405208.5683295536
-2405208.5683295536
-2405208.5683295536
-5377970571.33947
-7169825692.263184
-773102.7541059279
-171800.61202353952
-2405208.5683295536
-257700.9180353093
-2405208.5683295536
-2147507.6502942443
-2405208.5683295536
-5377970571.33947
-7169825692.263184
-257700.9180353093
-2405208.5683295536
-2405208.5683295536
-2405208.5683295536
-2405208.5683295536
-1460305.202200086
-2405208.5683295536
-2405208.5683295536
-944903.3661294674
-2405208.5683295536
-2405208.5683295536
0.0
-1889806.732258935
-2405208.5683295536
-5377970571.33947
-7169825692.263184
-5377970571.33947
-1794260329.492043
-1794260329.492043
-6273898131.801327
-2233407.956306014
-2405208.5683295536
-7169825692.263184
0.0
-2405208.5683295536
-171800.61202353952
-85900.30601176976
-2233407.956306014
-1288504.5901765465
-2405208.5683295536
-1632105.8142236257
-2405208.5683295536
-2405208.5683295536
-3586115450.415756
-1202604.2841647768
-7169825692.263184
-1546205.508211856
-859003.0601176977
-2405208.5683295536
-343601.2240470791
-2405208.5683295536
-2405208.5683295536
-1975707.038270705
-2405208.5683295536
-773102.7541059279
-2405208.5683295536
-2405208.5683295536
-2405208.5683295536
-859003.0601176977
-2405208.5683295536
-2405208.5683295536
-2061607.3442824746
-2405208.5683295536
-2405208.5683295536
-5377970571.33947
-2405208.5683295536
-3586115450.415756
-2233407.956306014
-2405208.5683295536
-2147507.6502942443
-1803906.4262471653
-773102.7541059279
-2405208.5683295536
-2690187889.9539
-2405208.5683295536
-601302.1420823884
-4482043010.877613
-1718006.1202353954
-6273898131.801327
-6273898131.801327
-1632105.8142236257
-859003.0601176977
-3586115450.4157567
-6273898131.801327
-2405208.5683295536
-1803906.4262471653
-2405208.5683295536
-2405208.5683295536
-1794260329.492043
-1546205.508211856
-2405208.5683295536
-4482043010.877613
-3586115450.415756
-1794260329.492043
-1803906.4262471653
-1030803.6721412372
-6273898131.801327
-601302.1420823884
-1288504.5901765465
-2405208.5683295536
-515401.8360706186
-2405208.5683295536
-7169825692.263184
-2405208.5683295536
-343601.2240470791
-1975707.038270705
-2690187889.9539
-5377970571.33947
-601302.1420823884
-85900.30601176976
-1794260329.492043
-515401.8360706186
-2147507.6502942443
-601302.1420823884
-2405208.5683295536
-1803906.4262471653
-2405208.5683295536
-171800.61202353952
-85900.30601176976
0.0
-429501.53005884885
-2405208.5683295536
-3586115450.415756
-2405208.5683295536
-2405208.5683295536
-1546205.508211856
-2405208.5683295536
-2405208.5683295536
-2405208.5683295536
-2405208.5683295536
-1374404.8961883164
0.0
-2405208.5683295536
-2405208.5683295536
-1202604.2841647768
-2405208.5683295536
-2405208.5683295536
-3586115450.415756
-2061607.3442824746
-1975707.038270705
-85900.30601176976
-1374404.8961883164
-1288504.5901765465
-1288504.5901765465
-2405208.5683295536
-2405208.5683295536
-1803906.4262471653
-2405208.5683295536
-1288504.5901765465
-2405208.5683295536
-1794260329.492043
-515401.8360706186
-2405208.5683295536
-2405208.5683295536
-5377970571.33947
-2405208.5683295536
-343601.2240470791
-2405208.5683295536
-2147507.6502942443
-257700.9180353093
-2405208.5683295536
-171800.61202353952
-257700.9180353093
-1030803.6721412372
-2405208.5683295536
-2690187889.9539
-3586115450.415756
-898332769.0301863
-773102.7541059279
-1374404.8961883164
-1202604.2841647768
-898332769.0301863
-2405208.5683295536
-1794260329.492043
-4482043010.877613
-1030803.6721412372
-3586115450.415756
-2405208.5683295536
-1889806.732258935
-3586115450.4157567
-2405208.5683295536
-429501.53005884885
-2405208.5683295536
-5377970571.33947
-1794260329.492043
-3586115450.415756
-2405208.5683295536
-2147507.6502942443
-2405208.5683295536
-1460305.202200086
-2405208.5683295536
-2405208.5683295536
-2405208.5683295536
-1975707.038270705
-2405208.5683295536
0.0
-2405208.5683295536
-2405208.5683295536
-2405208.5683295536
-2147507.6502942443
-5377970571.33947
-2405208.5683295536
-601302.1420823884
-2405208.5683295536
-2405208.5683295536
-4482043010.877613
-2405208.5683295536
-4482043010.877613
-1975707.038270705
-2319308.2623177837
-2405208.5683295536
-2405208.5683295536
-2405208.5683295536
-2405208.5683295536
-2405208.5683295536
-3586115450.415756
-1975707.038270705
-3586115450.415756
-859003.0601176977
-2405208.5683295536
-1803906.4262471653
-1975707.038270705
-1889806.732258935
-7169825692.263184
-2405208.5683295536
-1794260329.492043
-2405208.5683295536
-2147507.6502942443
0.0
-1288504.5901765465
-2405208.5683295536
-2405208.5683295536
-2405208.5683295536
-2405208.5683295536
-2690187889.9539
-7169825692.263184
-85900.30601176976
-1202604.2841647768
-7169825692.263184
-1116703.9781530069
-1116703.9781530069
-2061607.3442824746
-2405208.5683295536
-2405208.5683295536
-7169825692.263184
-773102.7541059279
-2405208.5683295536
-515401.8360706186
-2405208.5683295536
-687202.4480941582
-2405208.5683295536
-1975707.038270705
-3586115450.415756
-1803906.4262471653
-1030803.6721412372
-898332769.0301863
-429501.53005884885
-2405208.5683295536
-898332769.0301863
-2405208.5683295536
-859003.0601176977
-2405208.5683295536
-898332769.0301863
-2405208.5683295536
0.0
-2405208.5683295536
-2405208.5683295536
-2405208.5683295536
-1460305.202200086
-1803906.4262471653
-2405208.5683295536
-2405208.5683295536
-1116703.9781530069
-515401.8360706186
-2405208.5683295536
-1288504.5901765465
-687202.4480941582
-2405208.5683295536
-2405208.5683295536
-773102.7541059279
-2405208.5683295536
-429501.53005884885
-1632105.8142236257
-2405208.5683295536
-3586115450.415756
-2405208.5683295536
-2405208.5683295536
-3586115450.415756
-85900.30601176976
-2405208.5683295536
-2319308.2623177837
-2405208.5683295536
-2319308.2623177837
-2405208.5683295536
-2405208.5683295536
-2405208.5683295536
-898332769.0301863
-85900.30601176976
-2405208.5683295536
-429501.53005884885
-898332769.0301863
-2405208.5683295536
-257700.9180353093
-2405208.5683295536
-1975707.038270705
-2405208.5683295536
-6273898131.801327
-898332769.0301863
-2690187889.9539
-343601.2240470791
-2405208.5683295536
-2405208.5683295536
-898332769.0301863
-601302.1420823884
-2405208.5683295536
-2405208.5683295536
-257700.9180353093
-3586115450.415756
-2405208.5683295536
-2405208.5683295536
-2319308.2623177837
-2405208.5683295536
-2405208.5683295536
-2405208.5683295536
-1975707.038270705
-1546205.508211856
-2690187889.9539
-6273898131.801327
-2405208.5683295536
-2405208.5683295536
-1632105.8142236257
-1975707.038270705
-2405208.5683295536
-2405208.5683295536
-1116703.9781530069
-2405208.5683295536
-2405208.5683295536
-515401.8360706186
-1460305.202200086
-2405208.5683295536
-2405208.5683295536
-2405208.5683295536
-5377970571.33947
-2405208.5683295536
-2405208.5683295536
-2405208.5683295536
-4482043010.877613
-2405208.5683295536
-898332769.0301863
-944903.3661294674
-2405208.5683295536
-2405208.5683295536
-85900.30601176976
-429501.53005884885
-1202604.2841647768
-1374404.8961883164
-257700.9180353093
-2233407.956306014
-2405208.5683295536
-2405208.5683295536
-2405208.5683295536
-2405208.5683295536
-898332769.0301863
-257700.9180353093
-171800.61202353952
-2405208.5683295536
-2405208.5683295536
-2405208.5683295536
-2405208.5683295536
-2405208.5683295536
-2061607.3442824746
-2405208.5683295536
-257700.9180353093
-7169825692.263184
-2405208.5683295536
-2405208.5683295536
-2405208.5683295536
0.0
-1889806.732258935
-2405208.5683295536
-1794260329.492043
0.0
-773102.7541059279
-2319308.2623177837
-2147507.6502942443
-2405208.5683295536
0.0
-859003.0601176977
-944903.3661294674
-2405208.5683295536
-1889806.732258935
-6273898131.801327
-1718006.1202353954
-1803906.4262471653
-773102.7541059279
-2405208.5683295536
-859003.0601176977
-3586115450.415756
-2061607.3442824746
-2405208.5683295536
-2405208.5683295536
-1116703.9781530069
-257700.9180353093
-1794260329.492043
-343601.2240470791
-2405208.5683295536
-2319308.2623177837
-171800.61202353952
-2405208.5683295536
-898332769.0301863
-1288504.5901765465
-2405208.5683295536
-1803906.4262471653
-2405208.5683295536
-2233407.956306014
-1116703.9781530069
-1632105.8142236257
0.0
-2405208.5683295536
-1546205.508211856
-5377970571.33947
-2405208.5683295536
-2405208.5683295536
-2405208.5683295536
-859003.0601176977
-2405208.5683295536
-2405208.5683295536
-1794260329.492043
-171800.61202353952
-2405208.5683295536
-687202.4480941582
-2405208.5683295536
-2405208.5683295536
-2405208.5683295536
-343601.2240470791
-2405208.5683295536
-2405208.5683295536
-2405208.5683295536
-5377970571.33947
-2233407.956306014
-1202604.2841647768
-2405208.5683295536
-76180299933.50945
-601302.1420823884
-171800.61202353952
-773102.7541059279
-429501.53005884885
-2405208.5683295536
-3586115450.415756
-2405208.5683295536
-2405208.5683295536
-2405208.5683295536
-1202604.2841647768
-1794260329.492043
-2690187889.9539
-2405208.5683295536
-2405208.5683295536
-2405208.5683295536
-1030803.6721412372
-4482043010.877613
-1632105.8142236257
-2405208.5683295536
-1030803.6721412372
-2405208.5683295536
-2405208.5683295536
-6273898131.801327
-1794260329.492043
-2405208.5683295536
-1030803.6721412372
-5377970571.33947
-1803906.4262471653
-2405208.5683295536
-2405208.5683295536
-2405208.5683295536
-2405208.5683295536
-2405208.5683295536
-2405208.5683295536
-3586115450.415756
-343601.2240470791
-601302.1420823884
-2405208.5683295536
-2233407.956306014
-2319308.2623177837
-1803906.4262471653
-5377970571.33947
-171800.61202353952
-2405208.5683295536
-2405208.5683295536
-4482043010.877613
-1718006.1202353954
-2405208.5683295536
-6273898131.801327
-429501.53005884885
-2405208.5683295536
-2233407.956306014
-2319308.2623177837
-2405208.5683295536
-2405208.5683295536
-2147507.6502942443
-2405208.5683295536
-1718006.1202353954
-1030803.6721412372
-2690187889.9539
-1460305.202200086
-2405208.5683295536
-2405208.5683295536
-3586115450.415756
-1975707.038270705
-2405208.5683295536
-343601.2240470791
-257700.9180353093
-343601.2240470791
-2405208.5683295536
-171800.61202353952
-2405208.5683295536
-6273898131.801327
-2405208.5683295536
-2405208.5683295536
-1975707.038270705
-687202.4480941582
-2405208.5683295536
-2405208.5683295536
-3586115450.415756
-1030803.6721412372
-2405208.5683295536
-257700.9180353093
-5377970571.33947
-2405208.5683295536
-2405208.5683295536
-859003.0601176977
-601302.1420823884
-343601.2240470791
-2405208.5683295536
-2319308.2623177837
-2405208.5683295536
-1030803.6721412372
-2405208.5683295536
-3586115450.415756
-2405208.5683295536
-1889806.732258935
-2405208.5683295536
-2405208.5683295536
0.0
-5377970571.33947
-898332769.0301863
-2690187889.9539
-2405208.5683295536
-2405208.5683295536
-2405208.5683295536
-1632105.8142236257
-859003.0601176977
-2405208.5683295536
-2405208.5683295536
-1794260329.492043
-2405208.5683295536
-2405208.5683295536
-515401.8360706186
-2405208.5683295536
-2405208.5683295536
-1718006.1202353954
-2405208.5683295536
-2405208.5683295536
-2405208.5683295536
-1889806.732258935
-2319308.2623177837
-2405208.5683295536
-2405208.5683295536
-1374404.8961883164
-1632105.8142236257
-1202604.2841647768
-1889806.732258935
-687202.4480941582
-2405208.5683295536
-2405208.5683295536
-601302.1420823884
-1202604.2841647768
-2405208.5683295536
-2405208.5683295536
-1288504.5901765465
-773102.7541059279
-2405208.5683295536
-2405208.5683295536
-1116703.9781530069
-2233407.956306014
-2405208.5683295536
-1975707.038270705
-7169825692.263184
-4482043010.877613
-5377970571.33947
-2147507.6502942443
-2405208.5683295536
-2405208.5683295536
-898332769.0301863
-2405208.5683295536
-687202.4480941582
-2405208.5683295536
-2405208.5683295536
-2405208.5683295536
-2405208.5683295536
-2405208.5683295536
-1794260329.492043
-2405208.5683295536
-1460305.202200086
-7169825692.263184
-1288504.5901765465
-1202604.2841647768
-3586115450.415756
-1460305.202200086
-2690187889.9539
-1718006.1202353954
-1374404.8961883164
-3586115450.4157567
-2405208.5683295536
-429501.53005884885
-2690187889.9539
-2405208.5683295536
-2405208.5683295536
-1889806.732258935
-2405208.5683295536
-2319308.2623177837
-1374404.8961883164
-1546205.508211856
-85900.30601176976
-2233407.956306014
-1460305.202200086
-4481742633.964862
-85900.30601176976
-2405208.5683295536
-2405208.5683295536
-773102.7541059279
-1794260329.492043
-1546205.508211856
-515401.8360706186
-1889806.732258935
0.0
-4482043010.877613
-1975707.038270705
-2405208.5683295536
-1794260329.492043
-687202.4480941582
-4482043010.877613
0.0
-2405208.5683295536
-515401.8360706186
-1794260329.492043
-171800.61202353952
-1975707.038270705
-2405208.5683295536
-2104831.6555779665
-515401.8360706186
-2405208.5683295536
-2405208.5683295536
-2405208.5683295536
-2405208.5683295536
-2405208.5683295536
-687202.4480941582
-2405208.5683295536
-1793959952.5792913
-2405208.5683295536
-2104831.6555779665
-1889806.732258935
-2405208.5683295536
-2405208.5683295536
-1803906.4262471653
-6273597754.888576
-4481442257.052111
-2405208.5683295536
-6273597754.888575
-1803906.4262471653
-2405208.5683295536
-1288504.5901765465
-1288504.5901765465
-1288504.5901765465
-1504077.8300747925
-1632105.8142236257
-2405208.5683295536
-897431638.2919315
-944903.3661294674
-2405208.5683295536
-2405208.5683295536
-687202.4480941582
-4481141880.1393585
-944903.3661294674
-1504077.8300747925
-1632105.8142236257
-2405208.5683295536
-2405208.5683295536
-1288504.5901765465
-2405208.5683295536
-1803906.4262471653
-859003.0601176977
-1792458068.0155334
-2405208.5683295536
-1889806.732258935
-2405208.5683295536
-6273597754.888575
-2405208.5683295536
-2405208.5683295536
-515401.8360706186
-2405208.5683295536
-2405208.5683295536
-2405208.5683295536
-2405208.5683295536
-2061607.3442824746
-2319308.2623177837
-2147507.6502942443
-257700.9180353093
-2405208.5683295536
-2405208.5683295536
-1374404.8961883164
-77075626740.1458
-1460305.202200086
-2405208.5683295536
-2405208.5683295536
-1632105.8142236257
-1975707.038270705
-429501.53005884885
-171800.61202353952
-4481141880.1393585
-6273597754.888575
-2405208.5683295536
-2405208.5683295536
-2405208.5683295536
-944903.3661294674
-2689887513.041148
-897732015.2046832
-2405208.5683295536
0.0
-2061607.3442824746
-6273597754.888576
-1116703.9781530069
-2405208.5683295536
-2061607.3442824746
-2405208.5683295536
-1975707.038270705
-2405208.5683295536
-3585514696.5902534
-2405208.5683295536
-1889806.732258935
-601302.1420823884
-6273597754.888576
-2405208.5683295536
-687202.4480941582
-1202604.2841647768
-2233407.956306014
-429501.53005884885
-2405208.5683295536
-859003.0601176977
-2405208.5683295536
-2319308.2623177837
-1803906.4262471653
-2405208.5683295536
-2405208.5683295536
-601302.1420823884
-85900.30601176976
-1793959952.5792913
-2061607.3442824746
-4481742633.964861
-773102.7541059279
-1030803.6721412372
-1803906.4262471653
-2405208.5683295536
-687202.4480941582
-2405208.5683295536
-1116703.9781530069
-4482043010.877613
-2405208.5683295536
-2690187889.9539
-2405208.5683295536
-1718006.1202353954
-2147507.6502942443
-2405208.5683295536
-1288504.5901765465
-3586115450.415756
-1889806.732258935
-2405208.5683295536
-2405208.5683295536
-2405208.5683295536
-2405208.5683295536
-3586115450.415756
-1794260329.492043
-773102.7541059279
-85900.30601176976
-2405208.5683295536
-2405208.5683295536
-3586115450.415756
-687202.4480941582
-1288504.5901765465
-2405208.5683295536
-2405208.5683295536
-2405208.5683295536
-2405208.5683295536
-1718006.1202353954
-4482043010.877613
-2405208.5683295536
-2405208.5683295536
-1718006.1202353954
-343601.2240470791
-2405208.5683295536
-2405208.5683295536
-2405208.5683295536
-601302.1420823884
-2405208.5683295536
-171800.61202353952
-2405208.5683295536
-2405208.5683295536
-2405208.5683295536
-2405208.5683295536
-1889806.732258935
-257700.9180353093
-85900.30601176976
-2405208.5683295536
-1794260329.492043
-1718006.1202353954
-2405208.5683295536
-1718006.1202353954
-2405208.5683295536
-2405208.5683295536
-773102.7541059279
-515401.8360706186
-2405208.5683295536
-2405208.5683295536
-1889806.732258935
-1116703.9781530069
-2405208.5683295536
-2405208.5683295536
-2405208.5683295536
-2405208.5683295536
-429501.53005884885
-429501.53005884885
-2405208.5683295536
-2405208.5683295536
-2405208.5683295536
-2405208.5683295536
-3586115450.415756
-2405208.5683295536
-2405208.5683295536
-2405208.5683295536
-1794260329.492043
-2405208.5683295536
-1803906.4262471653
-1632105.8142236257
-2405208.5683295536
-2405208.5683295536
-2405208.5683295536
-2405208.5683295536
-601302.1420823884
-2405208.5683295536
-2405208.5683295536
-2405208.5683295536
-171800.61202353952
-2405208.5683295536
-2405208.5683295536
-71700662131.20016
-2405208.5683295536
-2405208.5683295536
-2405208.5683295536
-1718006.1202353954
-343601.2240470791
-944903.3661294674
-2690187889.9539
-2405208.5683295536
-1374404.8961883164
-2405208.5683295536
-2405208.5683295536
-2405208.5683295536
-515401.8360706186
-257700.9180353093
0.0
-2405208.5683295536
-944903.3661294674
-2405208.5683295536
-2147507.6502942443
-2405208.5683295536
-2405208.5683295536
-1794260329.492043
-898332769.0301863
-2405208.5683295536
-2319308.2623177837
-2690187889.9539
-2405208.5683295536
-5377970571.33947
-515401.8360706186
-944903.3661294674
-2405208.5683295536
-1202604.2841647768
-601302.1420823884
-515401.8360706186
-1460305.202200086
-2405208.5683295536
-2405208.5683295536
-2405208.5683295536
-1374404.8961883164
-77076227493.97131
-1889806.732258935
-1202604.2841647768
-773102.7541059279
-2690187889.9539
-515401.8360706186
-6273898131.801327
-1889806.732258935
-2061607.3442824746
-2690187889.9539
-2405208.5683295536
-1794260329.492043
-2405208.5683295536
-429501.53005884885
-2405208.5683295536
-2405208.5683295536
-2233407.956306014
-2405208.5683295536
-1803906.4262471653
-1794260329.492043
-2405208.5683295536
-5377970571.33947
-2405208.5683295536
-1116703.9781530069
-1632105.8142236257
-687202.4480941582
-343601.2240470791
-2405208.5683295536
-2405208.5683295536
-2147507.6502942443
-2405208.5683295536
-2405208.5683295536
-1546205.508211856
-601302.1420823884
-1803906.4262471653
-2405208.5683295536
-2405208.5683295536
-2405208.5683295536
-2405208.5683295536
-2405208.5683295536
-1794260329.492043
-1202604.2841647768
-515401.8360706186
-1794260329.492043
-1794260329.492043
-1975707.038270705
-1632105.8142236257
-7169825692.263184
-2405208.5683295536
-7169825692.263184
-2405208.5683295536
-515401.8360706186
-5377970571.33947
-1288504.5901765465
-1546205.508211856
-2405208.5683295536
-2405208.5683295536
-2405208.5683295536
-5377970571.33947
-773102.7541059279
-1718006.1202353954
-1632105.8142236257
-343601.2240470791
-2405208.5683295536
0.0
-2405208.5683295536
-1794260329.492043
-859003.0601176977
-2405208.5683295536
-171800.61202353952
-2690187889.9539
-2405208.5683295536
-2405208.5683295536
-1794260329.492043
-2405208.5683295536
-898332769.0301863
-1794260329.492043
-5377970571.33947
-3586115450.4157567
-1975707.038270705
-2233407.956306014
-5377970571.33947
-687202.4480941582
-1202604.2841647768
-2405208.5683295536
-2405208.5683295536
-2405208.5683295536
-4482043010.877613
-2405208.5683295536
-2405208.5683295536
-2405208.5683295536
-2405208.5683295536
-257700.9180353093
-85900.30601176976
-2405208.5683295536
-2405208.5683295536
-1632105.8142236257
-2233407.956306014
-898332769.0301863
-2405208.5683295536
-515401.8360706186
-2405208.5683295536
-85900.30601176976
-1116703.9781530069
-2061607.3442824746
-1794260329.492043
-2690187889.9539
-85900.30601176976
0.0
-2233407.956306014
-1030803.6721412372
-2405208.5683295536
-2405208.5683295536
-2405208.5683295536
0.0
-1718006.1202353954
-4482043010.877613
-2405208.5683295536
-3586115450.4157567
-2405208.5683295536
-3586115450.4157567
-2405208.5683295536
-2405208.5683295536
-2405208.5683295536
-2405208.5683295536
-2690187889.9539
-2405208.5683295536
-2405208.5683295536
-6273898131.801327
-2405208.5683295536
-2405208.5683295536
-343601.2240470791
-2319308.2623177837
-1374404.8961883164
-1546205.508211856
-1030803.6721412372
-2690187889.9539
-2405208.5683295536
-1794260329.492043
-2405208.5683295536
-1116703.9781530069
-2405208.5683295536
-1718006.1202353954
-3586115450.4157567
-2405208.5683295536
-2061607.3442824746
-2405208.5683295536
-2405208.5683295536
-2405208.5683295536
-1030803.6721412372
-2405208.5683295536
-2405208.5683295536
-2405208.5683295536
-2405208.5683295536
-2405208.5683295536
-2405208.5683295536
-2405208.5683295536
-2405208.5683295536
-1718006.1202353954
-2405208.5683295536
-1794260329.492043
-2319308.2623177837
-2405208.5683295536
-898332769.0301863
-2405208.5683295536
-4482043010.877613
-2405208.5683295536
-773102.7541059279
-1803906.4262471653
-5377970571.33947
-4482043010.877613
-2405208.5683295536
-2405208.5683295536
-1718006.1202353954
-2405208.5683295536
-944903.3661294674
-2319308.2623177837
-859003.0601176977
-2405208.5683295536
-7169825692.263184
-2405208.5683295536
-2061607.3442824746
-2405208.5683295536
-171800.61202353952
-257700.9180353093
-2405208.5683295536
-2405208.5683295536
-2405208.5683295536
-2690187889.9539
-2405208.5683295536
-2405208.5683295536
-1460305.202200086
-1202604.2841647768
-2690187889.9539
-2405208.5683295536
-1632105.8142236257
-6273597754.888575
-1889806.732258935
-2405208.5683295536
-2319308.2623177837
-85900.30601176976
-2405208.5683295536
-2405208.5683295536
-2405208.5683295536
-2690187889.9539
-1030803.6721412372
-1460305.202200086
-1794260329.492043
-2405208.5683295536
-7169825692.263184
-1794260329.492043
-257700.9180353093
-5377970571.33947
-2061607.3442824746
-5377670194.426719
-2147507.6502942443
-2405208.5683295536
-2405208.5683295536
-898032392.1174347
-2405208.5683295536
-257700.9180353093
-1793959952.5792913
-898332769.0301863
-944903.3661294674
-4481742633.964862
-4482043010.877613
-2405208.5683295536
-2405208.5683295536
-601302.1420823884
-2690187889.9539
-2405208.5683295536
-2405208.5683295536
-601302.1420823884
-3586115450.4157567
-2405208.5683295536
-2061607.3442824746
-6273898131.801327
-898332769.0301863
-2405208.5683295536
-2405208.5683295536
-2405208.5683295536
-2405208.5683295536
-2405208.5683295536
-1202604.5341647768
-2405208.5683295536
-3586115450.4157567
-85901.05601176976
-1718006.6202353954
-898332769.0301863
-2405208.5683295536
-2405208.5683295536
-1794260329.492043
-429502.28005884885
-2104557.7472883593
-2405208.5683295536
-7169825692.263184
-1632105.8142236257
-2405208.5683295536
-2405208.5683295536
-2233407.956306014
-1460305.702200086
-2405208.5683295536
-2405208.5683295536
-2405208.5683295536
-1460305.952200086
-2405208.5683295536
-5377970571.33947
-515402.8360706186
-2405208.5683295536
-2104557.7472883593
-1202605.2841647768
-1503256.105205971
-1202605.2841647768
-1803906.9262471653
-2405208.5683295536
-2405208.5683295536
-2405208.5683295536
-1503256.105205971
-2405208.5683295536
-1202605.2841647768
-1202605.2841647768
-2405208.5683295536
-2104557.7472883593
-1803906.9262471653
-1975707.038270705
-2405208.5683295536
-601302.1420823884
-1546205.508211856
-2147507.6502942443
-2405208.5683295536
-2405208.5683295536
-2405208.5683295536
-2405208.5683295536
-6273898131.801327
-2405208.5683295536
