-8066355104.183702
-896528864.1039392
-8066956131.917495
-896829788.83327
-896228213.282898
-601577.5503719954
-1792757075.386837
-896229582.8243458
-8066355104.1837015
-1792758444.9282851
-896230130.6409248
-7169827611.621211
-2104557.7472883593
-7169224664.52939
-8065452601.903999
-1792758444.9282851
-896830884.4664282
-8063649870.19185
-896230130.640925
-896529959.7370974
-896230130.6409248
-2688986382.302893
-2193.2663168569165
-302570.17906844383
-7170128262.442252
-8066055822.904108
-302570.17906844395
-302570.17906844383
-602947.0918200312
-8959878551.710388
-7167422676.96117
-8066055275.087529
-8066055275.087529
-7169827885.5295
-1792458068.0155334
-1919.358027249802
-7169827611.621211
-2193.2663168569165
-896230130.6409249
-896529138.0122287
-2.0
-896228213.282898
-896228213.282898
-7170126345.084225
-896228213.282898
-896528864.1039392
-7169825694.263184
-7170126345.084225
-300926.7293308013
-275.9082896071146
-7169825694.263184
-549.8165792142293
-8066054179.454371
-7169825968.1714735
-7169825694.263184
-896228487.1911875
-8066354556.367123
-896529138.0122287
-7169825694.263184
-8064378848.828852
-8066054453.36266
-2.0
-275.9082896071146
-7169825694.263184
-1792456698.4740856
-896228487.1911875
-7169826242.079762
-301200.6376204084
-7169825694.263184
-7170126618.992515
-1371.541448035573
-7170127988.533962
-302570.1790684439
-8066053905.546082
-896228213.282898
-301474.54591001547
-896230130.6409252
-2193.2663168569165
-7170127988.533962
-302296.27077883686
-9856405770.36459
-8066053905.546082
-300652.8210411942
-896228213.282898
-7170126345.084225
-896228487.1911875
-7170126345.084225
-896529138.0122287
-302570.17906844395
-7169827611.621211
-1919.358027249802
-1792458068.0155337
-1919.358027249802
-8066055822.904109
-2193.2663168569165
-7169827885.5295
-1919.358027249802
-7170127440.717383
-8063650340.427489
-896230130.6409252
-896230130.640925
-7169827337.712921
-302570.1790684439
-300652.8210411942
-300652.8210411942
-8066053905.546082
-7169826515.988052
-1792456424.565796
-300652.8210411942
-8962282390.737268
-896228213.282898
-8066354556.367123
-2.0
-8066054179.454371
-7167420485.694854
-896229308.9160562
-8962283760.278717
-302296.2707788368
-301748.4541996227
-1645.4497376426875
-302022.36248922977
-1371.541448035573
-1792758444.9282851
-1919.358027249802
-7167422129.144591
-549.8165792142293
-896229856.7326353
-301200.6376204084
-896529685.8288078
-7170127988.533962
-300926.7293308013
-7169827885.5295
-301748.4541996227
-823.7248688213439
-7169827063.804631
-1792457794.1072438
-1792456698.4740853
-602947.0918200313
-8066356199.81686
-302022.36248922965
-7169827337.712921
-8959877729.98552
-896229035.0077667
-301748.4541996227
-8066055822.904108
-7167723053.873922
-2193.2663168569165
-7169827611.621211
-302570.17906844395
-7170128262.442252
-896529959.7370975
-896830884.4664283
-602399.2752408169
-7169827885.5295
-7167723053.873922
-896530507.5536767
-8063950717.3402405
-896530507.5536768
-8063650614.335779
-896229856.7326356
-896230130.6409248
-896530233.6453869
-896229582.8243458
-2193.2663168569165
-8066055822.904109
-1645.4497376426875
-7169827611.621211
-7170128262.442252
-302570.17906844383
-896530507.5536765
-1097.6331584284585
-602125.3669512098
-896229856.7326356
-896229856.7326353
-7167722506.0573435
-7169827885.5295
-301474.54591001547
-275.9082896071146
-7170126345.084225
-2.0
-896228487.1911875
-8066055548.995819
-1371.541448035573
-601303.6420823884
-8064249998.619834
-1097.6331584284585
-300926.7293308013
-8066656028.913033
-8066055822.904109
-7168623244.890899
-8064551745.074034
-903324.004571618
-7169827337.712921
-8066055548.995819
-8063950991.24853
-8715451579.20462
-896529959.7370976
-8066055822.904109
-896230130.6409249
-7169827337.712921
-896529959.7370976
-2193.2663168569165
-602947.0918200313
-7168623087.979018
-7168794889.0910425
-1792758171.0199955
-896530507.5536766
-602399.2752408169
-7170427817.630135
-903050.0962820111
-8066355925.908571
-602673.1835304241
-602125.3669512098
-8066055822.904108
-8066656302.821322
-602673.183530424
-8066656576.729611
-896530233.645387
-8066055548.995819
-1645.4497376426875
-903050.0962820111
-902502.2797027968
-897130987.4708902
-902228.3714131897
-549.8165792142293
-7170127714.625673
-602673.1835304241
-897130439.6543112
-7169826515.988052
-302022.36248922965
-7169827885.5295
-7170127714.625673
-896228487.1911875
-301474.54591001547
-901954.4631235825
-7170127988.533962
-301200.6376204084
-7169827885.5295
-896230130.640925
-7170128262.442252
-7170428639.355003
-896229308.9160562
-302296.27077883686
-823.7248688213439
-1097.6331584284585
-7169827885.5295
-823.7248688213439
-1371.541448035573
-7169827337.712921
-1792758444.9282851
-7168451287.866995
-7169827337.712921
-8066355925.908571
-902502.2797027968
-897130439.6543111
-7167721410.424185
-8066055275.087529
-302022.3624892297
-896529411.9205184
-8962282664.64556
-8959877182.16894
-8962583589.37489
-1097.6331584284585
-1792757897.111706
-7170127988.533962
-7170127988.533962
-8066356199.81686
-7170127988.533962
-301474.54591001547
-8023512626.5493555
-896229856.7326353
-301474.54591001547
-897431090.4753523
-8066055822.904108
-902776.187992404
-7170728742.359466
-896529959.7370974
-602125.3669512098
-897130713.5626007
-903050.0962820111
-1288505.0901765465
-602673.1835304241
-8066956953.642364
-7171630147.00601
-601851.4586616027
-898032392.1174347
-1794260329.492043
-7171629873.09772
-8634577041.572588
-896830610.5581385
-301748.45419962256
-7170127714.625673
-7170427817.630135
-302022.36248922965
-1097.6331584284585
-301200.6376204084
-549.8165792142293
-896229308.9160564
-7169827611.621211
-896229035.0077666
-549.8165792142293
-7171629599.189431
-8067256782.738536
-896228761.099477
-275.9082896071146
-301200.6376204084
-896530233.645387
-602125.3669512098
-8066656302.821322
-7170128262.442252
-1645.4497376426875
-896229856.7326353
-8066055275.087529
-7170428365.446714
-549.8165792142293
-1645.4497376426875
-7170127988.533962
-301474.54591001547
-549.8165792142293
-2688685457.573562
-896228761.099477
-7170127988.533962
-1097.6331584284585
-896529138.0122287
-896229035.0077666
-7169827885.5295
-8063949621.707083
-896228487.1911875
-601303.6420823884
-7171329222.276679
-7169827063.804631
-301748.45419962256
-8066355652.000281
-2689285937.490776
-896830610.5581387
-1793058000.1161678
-897130439.6543112
-302022.36248922965
-1793058547.9327471
-897130165.7460215
-896530233.6453869
-1792757897.111706
-8066656576.729611
-897731741.2963935
-302296.27077883674
-7170127988.533962
-8064636548.996887
-7168794889.0910425
-896830610.5581385
-1202879.192454384
-966653.100922017
-1503256.105205971
-8960778860.723774
-7168623088.979018
-897430816.5670627
-7169827611.621211
-7170428639.355003
-7169825968.1714735
-7170126618.992515
-897731741.2963936
-896529138.0122287
-601303.6420823884
-8066354556.367123
-1793058274.0244575
-7170126892.900804
-896830336.649849
-896829788.8332698
-7170127988.533962
-7169827337.712921
-1202879.192454384
-1202605.2841647768
-7169827063.804631
-7168794888.8410425
-8066355925.90857
-7168924013.708349
-7171329496.184969
-7171930250.010472
-7170127714.625673
-1202605.2841647768
-7168924013.708349
-7169224390.621101
-897130439.6543111
-896829788.8332698
-1793659301.7582502
-901954.4631235825
-1202879.192454384
-8963184617.108683
-8064894250.164923
-1202879.192454384
-7168623244.640899
-1503530.0134955782
-1203427.0090335982
-8067858084.380618
-8066656302.821322
-7171629873.09772
-1203153.100743991
-7168924013.708349
-7454087535.309726
-1803906.9262471653
-7171029119.272217
-1203700.9173232054
-903050.0962820111
-903324.0045716183
-7170127988.533962
-7171930250.010472
-1503530.0134955782
-7171629873.09772
-1503803.9217851853
-7168924561.524929
-1203427.0090335982
-8064808349.358911
-7169138489.815089
-8064550648.440875
-8961080059.361393
-7168794888.5910425
-7168923739.800059
-7168924561.524929
-7169052589.509077
-7168558937.1578
-903050.0962820111
-1203700.9173232054
-1793659575.6665397
-7169827885.5295
-8064250075.700774
-1504077.8300747925
-7169052589.509077
-7169310290.427113
-1804454.7428263796
-602947.0918200312
-897431638.2919315
-1804454.7428263796
-896530233.6453869
-8066656576.729612
-897431364.3836418
-1203427.0090335982
-7169827885.5295
-7170128262.442252
-602399.275240817
-7168494786.08658
-8066956953.642364
-7169827337.712921
-7983376007.55438
-1504077.8300747925
-8064851378.342856
-7170428091.5384245
-1203427.0090335982
-897731741.2963935
-302296.27077883686
-903050.0962820111
-7168387136.795775
-8065495551.807005
-8064464748.134864
-7169224938.43768
-8066656576.729611
-897130987.4708902
-8065581452.113016
-903050.0962820111
-8066355925.90857
-898032392.1174349
-897431364.3836418
-7170428365.446714
-7168880788.897054
-8961380436.274145
-1504077.8300747925
-897731741.2963935
-602947.0918200313
-903050.0962820111
-7170128262.442252
-897130987.4708902
-1793058821.841037
-1503530.0134955782
-1203153.100743991
-1116704.2281530069
-602673.1835304241
-897431364.383642
-1503530.0134955782
-7170127988.533962
-903050.0962820111
-903050.0962820111
-7170128262.442252
-8066055822.904108
-1203427.0090335982
-7169827337.712921
-897431364.3836418
-1793358650.937209
-1503256.105205971
-8065151951.082958
-896830336.649849
-1203153.100743991
-1503803.9217851853
-897431364.3836418
-7168708988.53503
-7169396190.983125
-8065452875.812288
-1503530.0134955782
-897409615.3988495
-897431364.3836418
-8064636548.996887
-602673.1835304241
-896830884.4664282
-7942939287.054943
-302296.27077883674
-7170126892.900804
-902502.2797027968
-902502.2797027968
-8066655755.004744
-7168708989.03503
-7494224153.554701
-8066956679.734074
-1203700.9173232054
-7168623636.795598
-7168708988.78503
-897130713.5626007
-8961079511.544815
-302296.27077883674
-8961337212.21285
-7168301236.739764
-896830062.7415595
-896830336.6498489
-1503803.9217851853
-1793358924.8454986
-1202879.192454384
-8066355925.90857
-7169224664.52939
-7169074338.74387
-896530233.6453872
-897431090.4753524
-1116703.9781530069
-896830610.5581386
-602125.3669512097
-301748.45419962256
-8066054453.36266
-902776.187992404
-302296.27077883674
-7170428365.446714
-7168322438.157977
-896830610.5581386
-902776.187992404
-897130987.4708903
-897431364.3836418
-7168924287.616639
-7168537188.423007
-7251000333.149678
-896530507.5536766
-7739250783.002813
-7170128262.442252
-8065066050.276946
-897732015.2046832
-8962283486.370428
-1889806.732258935
-7169224664.52939
-1203427.0090335982
-7168794888.5910425
-1804454.7428263796
-7168623401.552778
-1503803.9217851853
-897732015.2046832
-903324.0045716183
-602125.3669512098
-8065452601.903999
-897130987.4708903
-1203700.9173232054
-7170127714.625673
-7170428639.355003
-1792758171.0199957
-8065151950.832958
-7170727920.634597
-7170128262.442252
-902776.187992404
-897732015.2046832
-1202879.192454384
-8065452601.903999
-8066356199.81686
-902776.187992404
-1203700.9173232054
-7170127988.533962
-7168988438.687859
-1503803.9217851853
-903050.0962820111
-1503530.0134955782
-898032118.2091452
-602673.1835304238
-8066956405.825785
-897130987.4708904
-7169224664.52939
-1804454.7428263796
-897130713.5626007
-7168902538.131846
-903324.0045716183
-2061607.3442824746
-1203700.9173232054
-898032392.1174347
-1417903.3657734154
-897431364.383642
-1203427.0090335982
-1203700.9173232054
-903324.0045716183
-896530233.645387
-602673.183530424
-1793659027.8499608
-897130987.4708904
-897431090.4753523
-7168537187.923007
-8066656302.821322
-7168794888.8410425
-1793358650.9372091
-7169224390.621101
-896830336.6498492
-602673.1835304241
-8064228796.951621
-7169826242.079762
-896830062.7415595
-902228.3714131897
-7168537188.423007
-302296.27077883674
-8064550649.190875
-7169224664.52939
-896958364.133998
-896529959.7370974
-2104557.7472883593
-1203427.0090335982
-897131261.3791798
-903324.0045716183
-8065152498.899537
-903050.0962820111
-1396154.130980866
-7169224938.43768
-7169827611.621211
-7170128262.442252
-896830610.5581386
-8065152498.899537
-1203700.9173232054
-602673.1835304239
-1793359198.7537885
-7168623088.729018
-8066656576.729612
-902502.2797027968
-1203153.100743991
-7171028845.363928
-897130439.6543112
-901954.4631235825
-602673.1835304238
-602673.1835304241
-302022.36248922965
-7169525041.4421425
-1793058547.9327474
-896529959.7370974
-7170729016.2677555
-8066355925.90857
-602399.2752408169
-302296.27077883674
-7170127988.533962
-896830062.7415594
-8066355652.000281
-8066355104.183702
-1202605.2841647768
-896529685.8288078
-2688986108.3946037
-8064851300.261916
-1202605.2841647768
-601303.6420823884
-601851.4586616027
-7170126892.900804
-902502.2797027968
-7170127714.625673
-896830610.5581387
-8064894249.664923
-896830336.649849
-902776.187992404
-1203153.100743991
-1804454.7428263796
-896830336.6498492
-1203153.100743991
-897431090.4753524
-7168623362.887308
-1203153.100743991
-8066955858.009205
-7170127166.809093
-7168924013.708349
-896830610.5581385
-897130713.5626006
-602399.275240817
-902502.2797027968
-602673.1835304241
-1804180.8345367725
-7169074338.99387
-897430816.5670627
-7170127714.625673
-7169052589.759077
-7168623088.479018
-7169224664.52939
-301748.45419962256
-897430816.5670627
-7168537188.173007
-896229308.9160564
-1503803.9217851853
-897431090.4753523
-7171028845.363928
-7169052589.509077
-7170728742.359466
-8716954286.493248
-7170728468.451176
-1203427.0090335982
-896530233.6453869
-2104557.7472883593
-302296.27077883686
-7168623088.229018
-7168387136.295775
-602947.0918200312
-1202879.192454384
-2689586862.2201066
-8066355925.908571
-602399.2752408169
-7168623910.703887
-7170128262.442252
-602399.275240817
-7168708988.78503
-7168924013.708349
-602399.2752408169
-7170428091.5384245
-896529138.0122287
-7168473036.601788
-897130439.6543112
-7168451287.616995
-8066355378.091991
-7170728468.451176
-7169074338.99387
-7169825968.1714735
-7169224390.621101
-602399.275240817
-1203153.100743991
-8066655755.004744
-8066656028.913033
-1203153.100743991
-2405208.5683295536
-7168494786.08658
-1504077.8300747925
-302570.17906844395
-7171329496.184969
-7169310290.677113
-7170428639.355003
-1203700.9173232054
-7169224664.52939
-896830062.7415595
-302296.27077883674
-902776.187992404
-7820425424.389308
-902776.187992404
-1116704.2281530069
-8066356199.81686
-1793358924.8454988
-1503803.9217851853
-8878702265.874155
-602947.0918200312
-7170428639.355003
-7170128262.442252
-903050.0962820111
-1203700.9173232054
-1793959952.5792916
-903324.0045716183
-896530507.5536767
-902776.187992404
-7169525119.523082
-7170127988.533962
-1504077.8300747925
-7170128262.442252
-902776.187992404
-903050.0962820111
-8066356199.81686
-897732015.2046831
-897130987.4708902
-897131261.3791798
-7169525315.350431
-897732015.2046832
-903324.0045716183
-1504077.8300747925
-896530233.6453869
-2104831.6555779665
-602673.183530424
-8066355378.091991
-7170127988.533962
-1504077.8300747925
-7169052590.009077
-8066656576.729612
-7169525315.350431
-1804454.7428263796
-1504077.8300747925
-897732015.2046831
-602947.0918200313
-7494825455.196784
-7170428639.355003
-1793058821.8410366
-1793659575.66654
-897431364.383642
-897131261.3791798
-8066356199.81686
-896530507.5536766
-7170128262.442252
-7170428639.355003
-903050.0962820111
-1203427.0090335982
-1919.358027249802
-903324.0045716183
-897431638.2919314
-8065753252.72504
-7168794889.0910425
-896830610.5581386
-7171029393.180507
-897732015.2046832
-1804180.8345367725
-897732015.2046832
-1504077.8300747925
-7170729016.2677555
-1504077.8300747925
-897130713.5626007
-903324.0045716183
-7168623088.229018
-2104831.6555779665
-7170428365.446714
-2104831.6555779665
-1804454.7428263796
-1804454.7428263796
-7169052590.009077
-903050.0962820111
-7169525041.4421425
-896530233.645387
-1632106.0642236257
-8065237850.888969
-8067858084.380618
-8065237851.138969
-7168623087.979018
-1804454.7428263796
-896830884.4664282
-7168794888.5910425
-1793058821.841037
-896530507.5536765
-1793659027.8499608
-896529959.7370975
-897431090.4753523
-7170127988.533962
-8066355378.091991
-897130987.4708903
-8066355378.091991
-7168966689.703066
-7169826789.896342
-1396154.630980866
-1503530.0134955782
-602399.275240817
-8961380436.274145
-7983376007.55438
-8066356199.81686
-7169224938.43768
-1675604.283808725
-1504077.8300747925
-7860562041.634283
-897731741.2963935
-897431364.3836418
-903324.0045716183
-1503530.0134955782
-897431638.2919315
-1203427.0090335982
-896830884.4664284
-897431638.2919315
-7169653891.65116
-2104831.6555779665
-1203700.9173232054
-897431638.2919314
-897732015.2046832
-8066655755.004744
-1793659575.66654
-7170428365.446714
-8065452601.903999
-7168794888.8410425
-7168924287.616639
-8064744198.537691
-2104557.7472883593
-8065495551.807005
-7170428091.5384245
-896830884.4664283
-8064851691.166616
-7169224390.621101
-1203700.9173232054
-1975707.288270705
-602947.0918200313
-602947.0918200313
-898332769.0301864
-7170128262.442252
-8065667352.419028
-8064980149.970934
-7170128262.442252
-7902201366.667886
-896830884.4664282
-7171629599.189431
-7170729016.2677555
-8064894249.914923
-896830610.5581385
-1203700.9173232054
-7170428091.5384245
-302296.27077883674
-1503803.9217851853
-2104831.6555779665
-8066956953.642364
-897431638.2919315
-9857264772.674706
-7170428639.355003
-1793659575.66654
-7617038118.974798
-1804180.8345367725
-1803906.9262471653
-8066656576.729612
-1203700.9173232054
-8961079785.453104
-8064808349.358911
-1997456.2730632545
-7170428639.355003
-602947.0918200312
-897130987.4708902
-1203427.0090335982
-7171329496.184969
-902502.2797027968
-1202879.192454384
-896830336.6498492
-896830610.5581386
-7413349615.422668
-898032392.1174347
-896830884.466428
-7169825692.263184
-898332769.0301863
-8066956953.642364
-1504077.8300747925
-7170127714.625673
-8961680813.186897
-8554003702.578175
-1504077.8300747925
-8066355652.000281
-7169332039.661905
-7168880788.897054
-7168924287.616639
-1503803.9217851853
-2405208.5683295536
-1793959952.5792913
-8066656302.821322
-896830336.6498492
-7169525041.4421425
-7169525041.4421425
-7168924013.708349
-7169825692.263184
-1793659301.7582502
-8960821810.12678
-7168924287.616639
-7170127714.625673
-1504077.8300747925
-1503530.0134955782
-7170428091.5384245
-7168988438.687859
-8066656302.821322
-903324.0045716183
-903324.0045716183
-897431090.4753523
-8962283212.462137
-896830884.4664282
-903050.0962820111
-8065152224.991247
-2104831.6555779665
-1803906.9262471653
-897131261.3791798
-903050.0962820109
-2688686005.390142
-8961680813.186897
-903050.0962820111
-7169074338.74387
-897431638.2919314
-1203700.9173232054
-7168730737.769823
-8067257330.555115
-7170128262.442252
-1792758444.9282854
-897130713.5626006
-8066356199.81686
-7169825692.263184
-1203427.0090335982
-7170128262.442252
-7170127714.625673
-896830610.5581386
-7169825692.263184
-1804454.7428263796
-7171329496.184969
-7170729016.2677555
-8065452875.812288
-8066356199.81686
-897130987.4708903
-1203700.9173232054
-7170428091.5384245
-896530233.6453869
-7171329770.093259
-896830610.5581387
-897130713.5626006
-897130713.5626007
-1504077.8300747925
-1804180.8345367725
-2405208.5683295536
-897431638.2919315
-7170729016.2677555
-1504077.8300747925
-1504077.8300747925
-7169503840.273929
-1793659575.66654
-1203427.0090335982
-1804180.8345367725
-897732015.2046832
-896830336.649849
-7171629873.09772
-1793659301.7582502
-7170729016.2677555
-7168708988.28503
-1504077.8300747925
-1718006.1202353954
-1203700.9173232054
-1804454.7428263796
-896830884.4664284
-1794260329.492043
-8962583863.283178
-8065409651.750993
-7170728468.451176
-897131261.37918
-7169825692.263184
-8066656028.913033
-7170428639.355003
-8064722449.302898
-896830884.4664282
-902776.187992404
-897731467.388104
-1503256.105205971
-8066054179.454371
-896830884.4664283
-897130165.7460215
-7168451288.366995
-7168623088.729018
-8066356199.81686
-8962283760.278717
-302296.27077883674
-1503803.9217851853
-602673.1835304241
-8064486497.869656
-903324.0045716183
-1739755.605027945
-903050.0962820111
-8066054727.27095
-1203427.0090335982
-7169825692.263184
-8066356199.81686
-7168966689.203066
-1504077.8300747925
-7576300199.087741
-7169739791.957171
-7169138489.815089
-1203427.0090335982
-897131261.3791798
-8066956953.642364
-7171629873.09772
-8065753252.72504
-602673.1835304241
-1793959952.5792913
-1504077.8300747925
-1504077.8300747925
-896830610.5581387
-7169224390.621101
-1503803.9217851853
-7169396190.983125
-897130987.4708903
-1504077.8300747925
-1804454.7428263796
-1503530.0134955782
-7169826515.988052
-8960907710.93279
-896830336.6498492
-7168966689.203066
-1503803.9217851853
-602947.0918200313
-1546206.008211856
-1503803.9217851853
-8065152224.991247
-7170127440.717383
-8066356199.81686
-7170127714.625673
-8961594912.880884
-897431364.383642
-897431638.2919315
-7170729016.2677555
-7169482091.289136
-7170729016.2677555
-7168924013.708349
-898332769.0301865
-1793766676.890765
-896830610.5581386
-7170428639.355003
-7169525315.350431
-896530233.6453869
-8066356199.81686
-1503803.9217851853
-897431638.2919314
-1203427.0090335982
-1792758171.0199955
-8064851574.170206
-898032392.1174346
-8065753252.72504
-8065452875.812288
-7169525276.184962
-1804180.8345367725
-7170728742.359466
-602947.0918200313
-7169138489.815089
-8064851848.078496
-897131261.3791797
-2104831.6555779665
-8064808349.358911
-8066656302.821322
-7170728742.359466
-602399.2752408169
-1503803.9217851853
-1202879.192454384
-896230130.640925
-7169827063.804631
-8962282664.64556
-1792757623.2034163
-896829788.83327
-8064249998.619834
-8064551118.926515
-897130713.5626007
-8066655755.004744
-902502.2797027968
-7168322438.157977
-8066355652.000281
-8064378848.328852
-1203700.9173232054
-2689286485.307356
-2104831.6555779665
-8960564109.208744
-8066055275.087529
-8065151951.082958
-8066656576.729611
-8066055275.087529
-896830610.5581386
-1503803.9217851853
-897130987.4708903
-8962583863.28318
-7738649480.61073
-1203700.9173232054
-1804180.8345367725
-7168623088.229018
-896830610.5581386
-7170127988.533962
-1203700.9173232054
-8065452601.903999
-7169396190.733125
-903050.0962820111
-7168966689.203066
-1203427.0090335982
-7170728742.359466
-7169525041.4421425
-7170428639.355003
-8066656576.729612
-8065237850.888969
-8066356199.81686
-897131261.3791797
-7169739791.957171
-2104831.6555779665
-897731741.2963936
-1803906.9262471653
-1203700.9173232054
-7535262175.946221
-896529959.7370976
-7170428365.446714
-896830884.4664283
-897431364.383642
-1804180.8345367725
-903050.0962820111
-1503803.9217851853
-7170729016.2677555
-2405208.5683295536
-7902201366.667886
-7942337984.662861
-1203427.0090335982
-8065152224.991247
-1030803.6721412372
-1504077.8300747925
-8065753252.72504
-8064808349.358911
-7168623088.229018
-1203427.0090335982
-7331273569.389629
-7170127166.809093
-1793058000.116168
-1503256.105205971
-8960478483.811022
-1202605.2841647768
-602399.2752408169
-7169825694.263184
-7168623088.479018
-1030804.4221412372
-896830336.6498489
-1203153.100743991
-896529685.8288078
-301474.54591001547
-1288504.8401765465
-301748.4541996226
-7170127440.717383
-7168923739.800059
-1203153.100743991
-7168322438.157977
-302022.36248922965
-7169825694.263184
-815354222.9674441
-7169826242.079762
-7170127988.533962
-7170127988.533962
-602673.1835304241
-601851.4586616027
-601851.4586616027
-7170127440.717383
-896829788.8332698
-1803906.9262471653
-602673.1835304241
-902776.187992404
-1202879.192454384
-8066055001.17924
-7170728468.451176
-8390753015.65864
-7169052589.509077
-7170128262.442252
-896529959.7370974
-7739250783.252813
-903050.0962820111
-7170428365.446714
-896528864.1039392
-897130987.4708903
-9858812074.566078
-1203427.0090335982
-1503530.0134955782
-8962584137.19147
-1792757897.111706
-7169138490.065089
-898332769.0301864
-7169525041.4421425
-898332769.0301865
-897130987.4708903
-7169525315.350431
-7168924287.616639
-8064658297.98168
-2104831.6555779665
-7169482091.039136
-7169224390.371101
-897131261.3791798
-896830884.4664283
-1794260329.492043
-1203700.9173232054
-8064851377.842856
-1793358650.9372094
-897732015.2046831
-8065452601.903999
-8961680813.186897
-302296.27077883674
-8066355925.90857
-7169482091.039136
-7171329496.184969
-8065152107.494838
-896830062.7415595
-902776.187992404
-1792757897.111706
-7168924013.708349
-8064636548.996887
-8065151950.832958
-1203700.9173232054
-8066656302.821322
-7169224390.371101
-7168451287.366995
-1804454.7428263796
-8067257330.555115
-7168794888.5910425
-1203700.9173232054
-1503530.0134955782
-1792758444.9282854
-8064550648.440875
-7170427817.630135
-1203700.9173232054
-7168794888.5910425
-8066956131.917495
-7169825692.263184
-902228.3714131897
-903324.0045716183
-602125.3669512098
-8066656302.821322
-1793659301.7582505
-7169825692.263184
-7169525041.4421425
-8064142896.395609
-7170728194.542887
-300926.7293308013
-8067257330.555115
-301200.6376204084
-601577.5503719955
-301748.45419962256
-896529411.9205183
-8960306408.540709
-8066355652.000281
-300926.7293308013
-1793058274.0244575
-301748.45419962256
-8430588435.015995
-301474.54591001547
-896228761.099477
-300926.7293308013
-300652.8210411942
-9858811800.657787
-602399.2752408169
-8066355652.000281
-9858511423.745037
-8066356199.81686
-1097.6331584284585
-549.8165792142293
-8962283486.370428
-1371.541448035573
-896529411.9205184
-896228213.282898
-1793058821.8410368
-1371.541448035573
-1097.6331584284585
-896529138.0122287
-8962282938.553848
-1371.541448035573
-823.7248688213439
-8066054453.36266
-896229035.0077667
-7170127714.625673
-8962584137.19147
-302022.36248922965
-8962584137.19147
-1645.4497376426875
-549.8165792142293
-8962283760.278717
-301474.54591001547
-7170128262.442252
-602125.3669512098
-1097.6331584284585
-7169827611.621211
-301474.54591001547
-1793058000.1161678
-301474.54591001547
-549.8165792142293
-896529138.0122287
-7170729016.2677555
-897130713.5626007
-549.8165792142293
-903050.0962820111
-8066354556.367123
-7170127440.717383
-301474.54591001547
-7167721136.515895
-8066055001.17924
-300926.7293308013
-8962583863.28318
-896529685.8288078
-896229308.9160562
-8066956953.642364
-1804454.7428263796
-897130987.4708903
-8066656576.729612
-896830062.7415594
-302022.36248922977
-896830336.649849
-8064249998.619834
-896829788.83327
-302022.36248922965
-1792757897.1117058
-896529411.9205183
-1792757623.2034163
-302570.17906844383
-896529959.7370974
-8063949621.707083
-7168451288.366995
-7170127988.533962
-7170428091.5384245
-8066055822.904108
-602399.2752408168
-896830062.7415595
-896829788.83327
-1793358377.0289195
-896529685.8288078
-601851.4586616027
-549.8165792142293
-8962283760.278717
-8962283212.462137
-601851.4586616027
-1792757349.2951267
-301748.45419962256
-8962283760.278717
-896229856.7326353
-896229856.7326356
-896229308.9160563
-1371.541448035573
-2688684909.7569833
-301200.6376204084
-300926.7293308013
-1371.541448035573
-896229308.9160562
-902502.2797027968
-7170128262.442252
-896228761.099477
-896529138.0122287
-896530233.645387
-1371.541448035573
-275.9082896071146
-302296.27077883674
-8066355652.000281
-8066055275.087529
-897430816.5670629
-897130987.4708904
-302296.27077883674
-302022.36248922965
-8064378847.828852
-1793659575.6665397
-8962584137.19147
-7169482091.039136
-602947.0918200313
-602947.091820031
-7170127440.717383
-8064830098.593703
-897431364.3836418
-7170729016.2677555
-601577.5503719954
-902776.187992404
-7171029119.272217
-896829788.83327
-602399.275240817
-8066656576.729612
-896830610.5581386
-8066656576.729612
-302296.27077883686
-823.7248688213439
-7170728468.451176
-301474.54591001547
-602125.3669512097
-896229308.9160562
-7170127988.533962
-549.8165792142293
-302022.3624892297
-896529411.9205183
-549.8165792142293
-896228487.1911875
-896529411.9205183
-8962283486.370428
-8959876908.26065
-1792757897.111706
-7170428091.5384245
-549.8165792142293
-301474.54591001547
-8066356199.81686
-1919.358027249802
-896530233.645387
-896229035.0077666
-7170127440.717383
-896830610.5581386
-896229582.8243458
-275.9082896071146
-823.7248688213439
-896528864.1039392
-8066355925.908571
-8066956953.642364
-896229035.0077666
-896229035.0077666
-8959962807.816662
-7171329496.184969
-275.9082896071146
-896529959.7370975
-896228761.099477
-7170127988.533962
-896229308.9160562
-1097.6331584284585
-896229035.0077666
-1097.6331584284585
-7169827337.712921
-1097.6331584284585
-301474.5459100155
-7171029393.180507
-896229035.0077667
-301748.45419962256
-302022.36248922965
-1371.541448035573
-7170128262.442252
-7169827337.712921
-896229035.0077667
-7170127714.625673
-1097.6331584284585
-301200.6376204084
-896228487.1911875
-1792457246.290665
-601851.4586616027
-896229582.8243457
-275.9082896071146
-896229308.9160563
