-2200133534.4245176
-4481742360.056572
-5377369817.513967
-4481441983.143821
-1996746229.5100083
-1140654087.4055064
-6273898131.801327
-85900.80601176976
-72594485683.73131
-193551.09681608912
-896529802.8252176
-1792457520.1989546
-896230130.6409249
-72594485135.91473
-1371.541448035573
-896530507.5536767
-71698559218.90262
-302570.17906844383
-72594487053.27277
-313.32375955098814
-1253.2950382039526
-936966679.9865348
-71698259115.89815
-896530507.5536767
-302570.1790684439
-72594487053.27277
0.0
-302570.17906844395
-71698259115.89815
-2193.2663168569165
-1409.9569179794466
-1919.358027249802
-896229856.7326355
-2193.2663168569165
-783.5593988774704
-1919.358027249802
-896229386.4969963
-302570.17906844383
-71698258568.08157
-2193.2663168569165
-896230130.6409252
-896530507.5536766
-896530507.5536766
-1919.358027249802
-71698259115.89815
-2193.2663168569165
-626.6475191019763
-1645.4497376426875
-2193.2663168569165
-903324.0045716183
-2405208.5683295536
-2061607.3442824746
-2104831.6555779665
-2405208.5683295536
-898032392.1174349
-1288504.5901765465
-257700.9180353093
-1632105.8142236257
-2405208.5683295536
-2405208.5683295536
-1030803.6721412372
-2405208.5683295536
-2104831.6555779665
-71700662131.20016
-2405208.5683295536
-2405208.5683295536
-1116703.9781530069
-2405208.5683295536
-2104831.6555779665
-898332769.0301864
-2405208.5683295536
-1632105.8142236257
-773102.7541059279
-859003.0601176977
-2405208.5683295536
-687202.4480941582
-2405208.5683295536
-2405208.5683295536
-2405208.5683295536
-2405208.5683295536
-2233407.956306014
-2104557.7472883593
-2405208.5683295536
-71700662131.20016
-687202.4480941582
-2405208.5683295536
-773102.7541059279
-2405208.5683295536
-2061607.3442824746
-601302.1420823884
-515401.8360706186
-71700662131.20016
-2405208.5683295536
-2319308.2623177837
-2405208.5683295536
-2405208.5683295536
-2405208.5683295536
-2405208.5683295536
-1116703.9781530069
-897989167.8061392
-2405208.5683295536
-794851.9888984775
-2405208.5683295536
-2405208.5683295536
-2319308.2623177837
-171800.61202353952
-2061607.3442824746
-2405208.5683295536
-2405208.5683295536
-1288504.5901765465
-2061607.3442824746
-171800.61202353952
-2319308.2623177837
-2405208.5683295536
-2405208.5683295536
-2405208.5683295536
-944903.3661294674
-71700662131.20016
-2405208.5683295536
-898032118.2091451
-71700662131.20016
-2405208.5683295536
-71700662131.20016
-2405208.5683295536
-1718006.1202353954
-1632105.8142236257
-2319308.2623177837
-1460305.202200086
-2405208.5683295536
-257700.9180353093
-257700.9180353093
-71700662131.20016
-2405208.5683295536
-71698557575.45288
-2.0
-2.0
-71698256924.63184
-2.0
-2.0
-2.0
-71698256924.63184
-2.0
-2.0
-2.0
-2.0
-2.0
-71698256924.63184
-71698256924.63184
-71698256924.63184
-71698256924.63184
-2.0
-2.0
-71698256924.63184
-2.0
-71698256924.63184
-158.16187977549407
-2193.2663168569165
-2193.2663168569165
-71698259115.89815
-903324.0045716183
-2233407.956306014
-903324.0045716183
-2193.2663168569165
-71698259115.89815
-2193.2663168569165
-2193.2663168569165
-71698259115.89815
-783.3093988774704
-71698259115.89815
-2193.2663168569165
-2193.2663168569165
-71698259115.89815
-2193.2663168569165
-2193.2663168569165
-469.9856393264822
-1879.9425573059286
-2193.2663168569165
-2193.2663168569165
-2193.2663168569165
-2193.2663168569165
-71698259115.89815
-2193.2663168569165
-2193.2663168569165
-2193.2663168569165
-2193.2663168569165
-2193.2663168569165
-2193.2663168569165
0.0
-1645.4497376426875
-71698257472.44841
-2193.2663168569165
-156.66187977549407
-71698257746.3567
-71698256924.63184
-71698256924.63184
-71698256924.63184
-300652.8210411942
0.0
-2233407.956306014
-2405208.5683295536
-2405208.5683295536
-71700662131.20016
-2405208.5683295536
-2405208.5683295536
-2061607.3442824746
-1030803.6721412372
-2147507.6502942443
-2405208.5683295536
-1460305.202200086
-2405208.5683295536
-2233407.956306014
-2405208.5683295536
-2405208.5683295536
-2405208.5683295536
-1202604.2841647768
-2405208.5683295536
-2405208.5683295536
-2405208.5683295536
-2405208.5683295536
-2319308.2623177837
-85900.30601176976
-2405208.5683295536
-2233407.956306014
-2405208.5683295536
-859003.0601176977
-2405208.5683295536
-1975707.038270705
-2405208.5683295536
-2405208.5683295536
-2405208.5683295536
-2405208.5683295536
-2405208.5683295536
-2405208.5683295536
-2405208.5683295536
-1975707.038270705
-2405208.5683295536
-2405208.5683295536
-2405208.5683295536
-2405208.5683295536
-1803906.4262471653
-2405208.5683295536
-2405208.5683295536
-2405208.5683295536
-2405208.5683295536
-515401.8360706186
-687202.4480941582
-171800.61202353952
-71700662131.20016
-85900.30601176976
-2405208.5683295536
-2405208.5683295536
-944903.3661294674
-2405208.5683295536
-2405208.5683295536
-2405208.5683295536
-85900.30601176976
-2405208.5683295536
-944903.3661294674
-2405208.5683295536
-515401.8360706186
-1889806.732258935
-2405208.5683295536
-687202.4480941582
-2405208.5683295536
-2061607.3442824746
-2405208.5683295536
-2405208.5683295536
-343601.2240470791
-2405208.5683295536
-1288504.5901765465
-2405208.5683295536
-2405208.5683295536
-2405208.5683295536
-2405208.5683295536
-2405208.5683295536
-1632105.8142236257
-71700662131.20016
-2405208.5683295536
-2405208.5683295536
-429501.53005884885
-2319308.2623177837
-2405208.5683295536
-1632105.8142236257
-1030803.6721412372
-1718006.1202353954
-171800.61202353952
-2405208.5683295536
-2405208.5683295536
-2405208.5683295536
-2405208.5683295536
-2405208.5683295536
-2405208.5683295536
-2405208.5683295536
-2405208.5683295536
-2405208.5683295536
-898332769.0301863
-3584912846.131592
-7169825692.263184
-4073764597.8768086
-7169825692.263184
-4888517517.45217
-4562616349.6220255
-4725566933.537098
-3910814013.9617367
-2118357590.8959405
-4399665765.706953
-2607209342.6411576
-5214418685.282315
-7169825692.263184
-7169825692.263184
-2118357590.8959405
-5377798770.727447
-2405208.5683295536
-71700662131.20016
-4400267067.849035
-4888517517.45217
-2607209342.6411576
-2405208.5683295536
-2405208.5683295536
-2405208.5683295536
-1202604.2841647768
-171800.61202353952
-2405208.5683295536
-2405208.5683295536
-1116703.9781530069
-4482043010.877613
-4236715181.791881
-2770159926.55623
-7169825692.263184
-3584912846.131592
-7169825692.263184
-1629505839.1507235
-2118357590.8959405
-6192122188.772749
-5377369269.197388
-7169825692.263184
-651802335.6602894
-7169825692.263184
-7169825692.263184
-1629505839.1507235
-1794260329.4920425
-2405208.5683295536
-1718006.1202353954
-1116703.9781530069
-2405208.5683295536
-2405208.5683295536
-171800.61202353952
-1374404.8961883164
-1460305.202200086
-1803906.4262471653
-515401.8360706186
-2405208.5683295536
-1889806.732258935
-1374404.8961883164
-2405208.5683295536
-2405208.5683295536
-1288504.5901765465
-1460305.202200086
-2405208.5683295536
-2405208.5683295536
-1718006.1202353954
-2405208.5683295536
-2405208.5683295536
-944903.3661294674
-1803906.4262471653
-2405208.5683295536
-1718006.1202353954
-2405208.5683295536
-2405208.5683295536
-2405208.5683295536
-2405208.5683295536
-1288504.5901765465
-1975707.038270705
-2405208.5683295536
-1202604.2841647768
-2061607.3442824746
-1975707.038270705
-2405208.5683295536
-343601.2240470791
-2405208.5683295536
-2405208.5683295536
-1975707.038270705
-85900.30601176976
-2405208.5683295536
-71700662131.20016
-2405208.5683295536
-1975707.038270705
-2405208.5683295536
-2405208.5683295536
-2405208.5683295536
-2405208.5683295536
-2405208.5683295536
-2405208.5683295536
-2405208.5683295536
-2405208.5683295536
-343601.2240470791
-171800.61202353952
-469.9856393264822
-2193.2663168569165
-71698259115.89815
-939.9712786529644
-71698259115.89815
-2193.2663168569165
-2193.2663168569165
-2193.2663168569165
-2193.2663168569165
-156.66187977549407
-2193.2663168569165
-2193.2663168569165
-2193.2663168569165
-71698259115.89815
-71698259115.89815
-2193.2663168569165
-2193.2663168569165
-71698259115.89815
-2193.2663168569165
-2193.2663168569165
-71698259115.89815
-2193.2663168569165
-71698259115.89815
-2193.2663168569165
-71698259115.89815
-1723.2806775304346
-2193.2663168569165
-2193.2663168569165
-71698259115.89815
-2193.2663168569165
-1723.2806775304346
-1253.2950382039526
-2193.2663168569165
-1504077.8300747925
-2233407.956306014
-2405208.5683295536
-1975707.038270705
-944903.3661294674
-2405208.5683295536
-85900.30601176976
-1803906.4262471653
-601302.1420823884
-2405208.5683295536
-2405208.5683295536
-2405208.5683295536
-257700.9180353093
-2061607.3442824746
-2405208.5683295536
-2405208.5683295536
-859003.0601176977
-2405208.5683295536
-171800.61202353952
-2405208.5683295536
-2405208.5683295536
-2405208.5683295536
-2405208.5683295536
-2405208.5683295536
-2405208.5683295536
-2405208.5683295536
-85900.30601176976
-2405208.5683295536
-2405208.5683295536
-2405208.5683295536
-2405208.5683295536
-1460305.202200086
-2405208.5683295536
-2405208.5683295536
-2147507.6502942443
-2405208.5683295536
-2405208.5683295536
-429501.53005884885
-2405208.5683295536
-2405208.5683295536
-2405208.5683295536
-1975707.038270705
-2405208.5683295536
-1546205.508211856
-2405208.5683295536
-1889806.732258935
-2405208.5683295536
-1632105.8142236257
-2405208.5683295536
-2405208.5683295536
-2061607.3442824746
-171800.61202353952
-2405208.5683295536
-2405208.5683295536
-1116703.9781530069
-2405208.5683295536
-1889806.732258935
0.0
-2405208.5683295536
-859003.0601176977
-2405208.5683295536
-2405208.5683295536
-2405208.5683295536
-2405208.5683295536
-71700662131.20016
-71700662131.20016
-1718006.1202353954
-2405208.5683295536
-2319308.2623177837
-2405208.5683295536
-2405208.5683295536
-2405208.5683295536
-2405208.5683295536
-2405208.5683295536
-429501.53005884885
-2405208.5683295536
-2405208.5683295536
-2405208.5683295536
-2405208.5683295536
-71700662131.20016
-2405208.5683295536
-2405208.5683295536
-1803906.4262471653
-2405208.5683295536
-2405208.5683295536
-171800.61202353952
-2405208.5683295536
-71700662131.20016
-2405208.5683295536
-2405208.5683295536
-2405208.5683295536
-2405208.5683295536
-2405208.5683295536
-1632105.8142236257
-2405208.5683295536
-2405208.5683295536
-257700.9180353093
-2405208.5683295536
-2405208.5683295536
-2405208.5683295536
-2405208.5683295536
0.0
-2405208.5683295536
-2405208.5683295536
-1030803.6721412372
-2405208.5683295536
-429501.53005884885
-601302.1420823884
-2405208.5683295536
-2405208.5683295536
-2405208.5683295536
-944903.3661294674
-2405208.5683295536
-2405208.5683295536
-257700.9180353093
-2405208.5683295536
-2405208.5683295536
-2405208.5683295536
-2405208.5683295536
-2405208.5683295536
-515401.8360706186
-2405208.5683295536
-2405208.5683295536
-2405208.5683295536
-2405208.5683295536
-1030803.6721412372
-1288504.5901765465
-2405208.5683295536
-1374404.8961883164
-2405208.5683295536
-2147507.6502942443
-2405208.5683295536
-1374404.8961883164
-2405208.5683295536
-71700662131.20016
-2405208.5683295536
-2405208.5683295536
-2405208.5683295536
-1975707.038270705
-1374404.8961883164
-171800.61202353952
-2319308.2623177837
-944903.3661294674
-171800.61202353952
-171800.61202353952
-1718006.1202353954
-1030803.6721412372
-2405208.5683295536
-2405208.5683295536
-2405208.5683295536
-2405208.5683295536
-2233407.956306014
-2405208.5683295536
-601302.1420823884
-2405208.5683295536
-2405208.5683295536
-85900.30601176976
-2405208.5683295536
-2405208.5683295536
-2405208.5683295536
-2405208.5683295536
-1718006.1202353954
-2233407.956306014
-2405208.5683295536
-2405208.5683295536
-601302.1420823884
-2405208.5683295536
-2405208.5683295536
-2405208.5683295536
-2405208.5683295536
-2405208.5683295536
-2405208.5683295536
-1374404.8961883164
-944903.3661294674
-2405208.5683295536
-1202604.2841647768
-2405208.5683295536
-2405208.5683295536
-2405208.5683295536
-343601.2240470791
-2405208.5683295536
-2405208.5683295536
-2233407.956306014
-1030803.6721412372
-2405208.5683295536
-2405208.5683295536
-2405208.5683295536
-2405208.5683295536
-944903.3661294674
-2405208.5683295536
-2405208.5683295536
-2405208.5683295536
-2405208.5683295536
-2405208.5683295536
-2405208.5683295536
-944903.3661294674
-71700662131.20016
-2405208.5683295536
-2405208.5683295536
-429501.53005884885
-71700662131.20016
-171800.61202353952
-2405208.5683295536
-343601.2240470791
-2405208.5683295536
-1460305.202200086
-2061607.3442824746
-2405208.5683295536
-515401.8360706186
-71700662131.20016
-1460305.202200086
-2405208.5683295536
-2405208.5683295536
-429501.53005884885
-2405208.5683295536
-85900.30601176976
-2405208.5683295536
-1975707.038270705
-2147507.6502942443
-1202604.2841647768
-1718006.1202353954
-2405208.5683295536
-71700662131.20016
-2405208.5683295536
-1803906.4262471653
-2405208.5683295536
-257700.9180353093
-171800.61202353952
-2405208.5683295536
-2405208.5683295536
-2405208.5683295536
-1975707.038270705
-2405208.5683295536
-773102.7541059279
-2405208.5683295536
-71700662131.20016
-687202.4480941582
-71700662131.20016
-1975707.038270705
-2405208.5683295536
-601302.1420823884
-2405208.5683295536
-2405208.5683295536
-2405208.5683295536
-1718006.1202353954
-1374404.8961883164
-2405208.5683295536
-2405208.5683295536
-859003.0601176977
-2405208.5683295536
-2147507.6502942443
-2405208.5683295536
-2405208.5683295536
-2405208.5683295536
-2405208.5683295536
-429501.53005884885
-1116703.9781530069
-85900.30601176976
-2405208.5683295536
-2147507.6502942443
-2405208.5683295536
-2405208.5683295536
-1803906.4262471653
-2405208.5683295536
-71700662131.20016
-2405208.5683295536
-2405208.5683295536
-2319308.2623177837
-2405208.5683295536
-2405208.5683295536
-1288504.5901765465
-2405208.5683295536
-2405208.5683295536
-2405208.5683295536
-2147507.6502942443
-2405208.5683295536
-2405208.5683295536
-1803906.4262471653
-2405208.5683295536
-2405208.5683295536
-2405208.5683295536
-2405208.5683295536
-1288504.5901765465
-2405208.5683295536
-1546205.508211856
-2405208.5683295536
-2405208.5683295536
-71700662131.20016
-2405208.5683295536
-2061607.3442824746
-2405208.5683295536
-1460305.202200086
0.0
-71700662131.20016
-1503256.105205971
-71698256924.63184
-2.0
-71698256924.63184
-2.0
-71698256924.63184
-2.0
-2.0
-71698256924.63184
-71698256924.63184
-2.0
-2.0
-2.0
-71698256924.63184
-71698256924.63184
-901954.4631235825
-2405208.5683295536
-2405208.5683295536
-2319308.2623177837
-2405208.5683295536
-1460305.202200086
-601303.6420823884
-71698256924.63184
-71698256924.63184
-71698256924.63184
-2.0
-2.0
-2.0
-2.0
-71698256924.63184
-71698256924.63184
-71698256924.63184
-2.0
-2.0
-71698256924.63184
-71698256924.63184
-2.0
-2.0
-2.0
-2.0
-2.0
-2.0
-71698858226.27393
-1460305.202200086
-71700662131.20016
-71700662131.20016
-2405208.5683295536
-2405208.5683295536
-2405208.5683295536
-1030803.6721412372
-1202604.2841647768
-2405208.5683295536
-2405208.5683295536
-2405208.5683295536
-2405208.5683295536
-2405208.5683295536
-2405208.5683295536
-2405208.5683295536
-2405208.5683295536
-2405208.5683295536
-2405208.5683295536
-71700662131.20016
-2061607.3442824746
-2405208.5683295536
-2405208.5683295536
-1718006.1202353954
-1718006.1202353954
-429501.53005884885
-2405208.5683295536
-2405208.5683295536
-2405208.5683295536
-71700662131.20016
-2405208.5683295536
-2405208.5683295536
-2405208.5683295536
-2405208.5683295536
-85900.30601176976
-2405208.5683295536
-2405208.5683295536
-2405208.5683295536
-71698859869.72366
-1879.9425573059286
-71698259115.89815
-71698259115.89815
-2193.2663168569165
-2104831.6555779665
-2405208.5683295536
-71699761000.46191
-71698259115.89815
-783.3093988774704
-71698259115.89815
-2193.2663168569165
-2036.6044370814225
-2193.2663168569165
-2193.2663168569165
-1566.6187977549407
-2193.2663168569165
-71698259115.89815
-71698259115.89815
-2193.2663168569165
-71698259115.89815
-71698259115.89815
-313.32375955098814
-2193.2663168569165
-71698259115.89815
-2193.2663168569165
-2193.2663168569165
-71698259115.89815
-2193.2663168569165
-939.9712786529644
-2193.2663168569165
-2193.2663168569165
-2193.2663168569165
-2193.2663168569165
-2193.2663168569165
-71698259115.89815
-783.3093988774704
-71698259115.89815
-71698259115.89815
-2193.2663168569165
-71698259115.89815
-2193.2663168569165
-2193.2663168569165
-313.32375955098814
-71698259115.89815
-2193.2663168569165
-2405208.5683295536
-2405208.5683295536
-2405208.5683295536
-2405208.5683295536
-2233407.956306014
-2405208.5683295536
-2405208.5683295536
-944903.3661294674
-343601.2240470791
-2405208.5683295536
-601302.1420823884
-2405208.5683295536
-2405208.5683295536
-2405208.5683295536
-1288504.5901765465
-2405208.5683295536
-2405208.5683295536
-2233407.956306014
-2405208.5683295536
-601302.1420823884
-257700.9180353093
-2405208.5683295536
-2405208.5683295536
-1374404.8961883164
-1030803.6721412372
-2405208.5683295536
-1288504.5901765465
-2405208.5683295536
-2405208.5683295536
-2405208.5683295536
-2405208.5683295536
-2405208.5683295536
-2405208.5683295536
-343601.2240470791
-2147507.6502942443
-2405208.5683295536
-2405208.5683295536
-2405208.5683295536
-2405208.5683295536
-429501.53005884885
-2405208.5683295536
-2405208.5683295536
-2405208.5683295536
-2405208.5683295536
-71700662131.20016
-2405208.5683295536
-2405208.5683295536
-2405208.5683295536
-2405208.5683295536
-2405208.5683295536
-2405208.5683295536
-1030803.6721412372
-1116703.9781530069
-2405208.5683295536
-1116703.9781530069
-1288504.5901765465
-1546205.508211856
-2405208.5683295536
-2405208.5683295536
-71700662131.20016
-601302.1420823884
-2405208.5683295536
-2405208.5683295536
-1030803.6721412372
-2405208.5683295536
-2405208.5683295536
-2405208.5683295536
-1116703.9781530069
-2405208.5683295536
-2405208.5683295536
-171800.61202353952
-1889806.732258935
-71700662131.20016
-2405208.5683295536
-687202.4480941582
-2405208.5683295536
-2405208.5683295536
-2405208.5683295536
-71700662131.20016
-2405208.5683295536
-1975707.038270705
-2405208.5683295536
-2405208.5683295536
-1718006.1202353954
-687202.4480941582
-2405208.5683295536
-2405208.5683295536
-2405208.5683295536
-71700662131.20016
-2405208.5683295536
-2233407.956306014
-1546205.508211856
-1632105.8142236257
-71700662131.20016
-2405208.5683295536
-773102.7541059279
-2405208.5683295536
-1460305.202200086
-1632105.8142236257
-2233407.956306014
-515401.8360706186
-2233407.956306014
-429501.53005884885
-2405208.5683295536
-2405208.5683295536
-2405208.5683295536
-2405208.5683295536
-2405208.5683295536
-2405208.5683295536
-2405208.5683295536
-2405208.5683295536
-2405208.5683295536
-2405208.5683295536
-1374404.8961883164
-171800.61202353952
-2405208.5683295536
-2405208.5683295536
-2405208.5683295536
-2405208.5683295536
-2405208.5683295536
-2405208.5683295536
-2319308.2623177837
-2405208.5683295536
-515401.8360706186
-1889806.732258935
-687202.4480941582
-1460305.202200086
-2405208.5683295536
-901954.4631235825
-1.75
-2104557.7472883593
-2405208.5683295536
-2405208.5683295536
-2405208.5683295536
-2405208.5683295536
-85900.30601176976
-2405208.5683295536
-1975707.038270705
-2405208.5683295536
-2405208.5683295536
-171800.61202353952
-71699158877.09496
-687202.4480941582
-2405208.5683295536
-2405208.5683295536
-71699459527.916
-2.0
-2.0
-2.0
-2.0
-2.0
-71698256924.63184
-2.0
-2.0
-2.0
-2.0
-71698256924.63184
-71698256924.63184
-71698256924.63184
-2.0
-2.0
-71698256924.63184
-2.0
-71698256924.63184
-2.0
-2.0
-2.0
-2.0
-71698256924.63184
-2.0
-2.0
-2.0
-71698256924.63184
-71698256924.63184
-71698256924.63184
-71698256924.63184
-2.0
-2.0
-2.0
-2.0
-2.0
-2.0
-71698256924.63184
-71698256924.63184
-71698256924.63184
-2.0
-71698256924.63184
-2.0
-2.0
-2.0
-2.0
-601303.6420823884
-71700662131.20016
-257700.9180353093
-2405208.5683295536
-859003.0601176977
-1288504.5901765465
-71700662131.20016
-2405208.5683295536
-2405208.5683295536
-2405208.5683295536
-2405208.5683295536
-2405208.5683295536
-71699158877.09496
-2.0
-2.0
-1202605.2841647768
-2405208.5683295536
-2405208.5683295536
-2405208.5683295536
-1374404.8961883164
-2147507.6502942443
-71698557575.45288
-2.0
-944904.1161294674
-859003.0601176977
-601302.1420823884
-2405208.5683295536
-859003.0601176977
-1632105.8142236257
-1202604.2841647768
-2405208.5683295536
-1632105.8142236257
-2405208.5683295536
-85900.30601176976
-343601.2240470791
-2405208.5683295536
-2405208.5683295536
-1803906.4262471653
-2405208.5683295536
-2405208.5683295536
-944903.3661294674
-2405208.5683295536
-2405208.5683295536
-2405208.5683295536
-1374404.8961883164
-85900.30601176976
-2405208.5683295536
-2405208.5683295536
-2233407.956306014
-2405208.5683295536
-2405208.5683295536
-2405208.5683295536
-1374404.8961883164
-2405208.5683295536
-2405208.5683295536
-859003.0601176977
-2061607.3442824746
-2405208.5683295536
-1632105.8142236257
-2405208.5683295536
-2405208.5683295536
0.0
-2405208.5683295536
-2405208.5683295536
-2405208.5683295536
-2319308.2623177837
-71700662131.20016
-2405208.5683295536
-2405208.5683295536
-944903.3661294674
-2405208.5683295536
-2405208.5683295536
0.0
-859003.0601176977
-1030803.6721412372
-2405208.5683295536
-2405208.5683295536
-2319308.2623177837
-343601.2240470791
-2147507.6502942443
-1460305.202200086
-2319308.2623177837
-2405208.5683295536
-2405208.5683295536
-2405208.5683295536
-515401.8360706186
-2405208.5683295536
-2405208.5683295536
-2405208.5683295536
-1718006.1202353954
-1546205.508211856
-601302.1420823884
-1803906.4262471653
-71700662131.20016
-2405208.5683295536
-2405208.5683295536
-2405208.5683295536
-2405208.5683295536
-2405208.5683295536
-1374404.8961883164
-1803906.4262471653
-1374404.8961883164
-2405208.5683295536
-71700662131.20016
-2405208.5683295536
-71700662131.20016
-1116703.9781530069
-2061607.3442824746
-2233407.956306014
-2405208.5683295536
-1202604.2841647768
-85900.30601176976
-85900.30601176976
-2405208.5683295536
-601302.1420823884
-343601.2240470791
-2405208.5683295536
-2319308.2623177837
-2147507.6502942443
-429501.53005884885
-2405208.5683295536
-515401.8360706186
-1030803.6721412372
-2405208.5683295536
-429501.53005884885
-2405208.5683295536
-1889806.732258935
-2405208.5683295536
-1116703.9781530069
-2405208.5683295536
-2319308.2623177837
-1116703.9781530069
-2405208.5683295536
-2405208.5683295536
-2405208.5683295536
-601302.1420823884
-2405208.5683295536
-2405208.5683295536
-2405208.5683295536
-2405208.5683295536
-1460305.202200086
-859003.0601176977
-2405208.5683295536
-1632105.8142236257
-2405208.5683295536
-2405208.5683295536
-2405208.5683295536
-2319308.2623177837
-1975707.038270705
-2405208.5683295536
-2405208.5683295536
-2405208.5683295536
-1718006.1202353954
-2061607.3442824746
-515401.8360706186
-2405208.5683295536
-2405208.5683295536
-343601.2240470791
-2405208.5683295536
-2405208.5683295536
-2405208.5683295536
-944903.3661294674
-2405208.5683295536
-2405208.5683295536
-2405208.5683295536
-2405208.5683295536
-601302.1420823884
-171800.61202353952
-2405208.5683295536
-2405208.5683295536
-515401.8360706186
-2147507.6502942443
-1374404.8961883164
-2405208.5683295536
-687202.4480941582
-71700662131.20016
-2061607.3442824746
-2405208.5683295536
-859003.0601176977
-2405208.5683295536
-601302.1420823884
-2405208.5683295536
-2405208.5683295536
-2405208.5683295536
-2405208.5683295536
-2405208.5683295536
-1460305.202200086
-1803906.4262471653
-687202.4480941582
-2405208.5683295536
-773102.7541059279
-2405208.5683295536
-2405208.5683295536
-1975707.038270705
-2405208.5683295536
-944903.3661294674
-71700662131.20016
-2405208.5683295536
-2405208.5683295536
-2405208.5683295536
-1803906.4262471653
-85900.30601176976
-2405208.5683295536
-2405208.5683295536
-2405208.5683295536
-71700662131.20016
-1374404.8961883164
-343601.2240470791
-1288504.5901765465
-2405208.5683295536
-2405208.5683295536
-2405208.5683295536
-1889806.732258935
-2405208.5683295536
-1975707.038270705
-2147507.6502942443
-2405208.5683295536
-71700662131.20016
-2405208.5683295536
-2405208.5683295536
-687202.4480941582
-2061607.3442824746
-515401.8360706186
-1632105.8142236257
-1374404.8961883164
-2405208.5683295536
-2405208.5683295536
-2405208.5683295536
-2405208.5683295536
-2405208.5683295536
-1803906.4262471653
-2405208.5683295536
-2405208.5683295536
-257700.9180353093
-71700662131.20016
-1460305.202200086
-601302.1420823884
-2405208.5683295536
-1632105.8142236257
-2405208.5683295536
-2405208.5683295536
-2405208.5683295536
-71700662131.20016
-2405208.5683295536
-2405208.5683295536
-2405208.5683295536
-2405208.5683295536
-2405208.5683295536
-2405208.5683295536
-2405208.5683295536
-1975707.038270705
-2405208.5683295536
-2405208.5683295536
-71700662131.20016
-2405208.5683295536
-171800.61202353952
0.0
-773102.7541059279
-2405208.5683295536
-2405208.5683295536
-1632105.8142236257
-1546205.508211856
-2147507.6502942443
-2405208.5683295536
-1202604.2841647768
-2405208.5683295536
-2233407.956306014
-1546205.508211856
-2405208.5683295536
-2147507.6502942443
-773102.7541059279
-1718006.1202353954
-601302.1420823884
-2405208.5683295536
-2405208.5683295536
-773102.7541059279
-2405208.5683295536
-2405208.5683295536
-1718006.1202353954
-2405208.5683295536
-2405208.5683295536
-2405208.5683295536
-2405208.5683295536
-2405208.5683295536
-2405208.5683295536
-2405208.5683295536
-2405208.5683295536
-2405208.5683295536
-1546205.508211856
-2061607.3442824746
-2405208.5683295536
-2405208.5683295536
-515401.8360706186
-1889806.732258935
-1202604.2841647768
-601302.1420823884
-2405208.5683295536
-515401.8360706186
-2405208.5683295536
-515401.8360706186
-1202604.2841647768
-2405208.5683295536
-2405208.5683295536
-773102.7541059279
-1116703.9781530069
-2405208.5683295536
-2405208.5683295536
-2405208.5683295536
-71700662131.20016
-1632105.8142236257
-601302.1420823884
-944903.3661294674
-687202.4480941582
-1975707.038270705
-2405208.5683295536
-171800.61202353952
-257700.9180353093
-2405208.5683295536
-515401.8360706186
-2405208.5683295536
-601302.1420823884
-2405208.5683295536
-71700662131.20016
-515401.8360706186
-2405208.5683295536
-2405208.5683295536
-2405208.5683295536
-1718006.1202353954
-2405208.5683295536
-2405208.5683295536
-429501.53005884885
-2405208.5683295536
-2405208.5683295536
-2405208.5683295536
-2405208.5683295536
-944903.3661294674
-1889806.732258935
-2405208.5683295536
-687202.4480941582
-859003.0601176977
-1460305.202200086
-2061607.3442824746
-2405208.5683295536
-2405208.5683295536
-2405208.5683295536
-1975707.038270705
-2405208.5683295536
-71700662131.20016
-2405208.5683295536
-1374404.8961883164
-85900.30601176976
-2405208.5683295536
-343601.2240470791
-2147507.6502942443
-171800.61202353952
-2405208.5683295536
-2405208.5683295536
-2405208.5683295536
0.0
-1030803.6721412372
0.0
-2405208.5683295536
-2405208.5683295536
-2405208.5683295536
-2405208.5683295536
0.0
-2405208.5683295536
-2319308.2623177837
-2405208.5683295536
-2405208.5683295536
-2405208.5683295536
-2405208.5683295536
-2405208.5683295536
-773102.7541059279
-2405208.5683295536
-171800.61202353952
-2405208.5683295536
-2405208.5683295536
-2319308.2623177837
-515401.8360706186
-2405208.5683295536
-257700.9180353093
-2405208.5683295536
-1374404.8961883164
-2405208.5683295536
-2405208.5683295536
-601302.1420823884
-2233407.956306014
-687202.4480941582
-2405208.5683295536
-1718006.1202353954
-2405208.5683295536
-71700662131.20016
-2405208.5683295536
-85900.30601176976
-2405208.5683295536
-257700.9180353093
-2405208.5683295536
-1374404.8961883164
-2405208.5683295536
-2405208.5683295536
-429501.53005884885
-1546205.508211856
-1803906.4262471653
-1803906.4262471653
-1030803.6721412372
-2405208.5683295536
-859003.0601176977
-2405208.5683295536
-773102.7541059279
-2405208.5683295536
-2405208.5683295536
-2405208.5683295536
-2319308.2623177837
-2405208.5683295536
-2405208.5683295536
-2405208.5683295536
-2405208.5683295536
-515401.8360706186
-2405208.5683295536
-1803906.4262471653
-429501.53005884885
-2147507.6502942443
-2405208.5683295536
-2405208.5683295536
-2405208.5683295536
-2405208.5683295536
-2405208.5683295536
-1030803.6721412372
-2405208.5683295536
-2405208.5683295536
-2405208.5683295536
-2405208.5683295536
-2405208.5683295536
-2405208.5683295536
-2405208.5683295536
-2405208.5683295536
-2405208.5683295536
-171800.61202353952
-1975707.038270705
-515401.8360706186
-71700662131.20016
-71700662131.20016
-2405208.5683295536
-2405208.5683295536
-71700662131.20016
-2405208.5683295536
-601302.1420823884
-71700662131.20016
-2405208.5683295536
-2405208.5683295536
-687202.4480941582
-2405208.5683295536
-859003.0601176977
-2405208.5683295536
-2405208.5683295536
-2405208.5683295536
-2405208.5683295536
-2405208.5683295536
